day,firm_id,sector,latent_state,observation,price,return,market_weight,buy_value,sell_value,imbalance
0,0,2,0.02139342217997905,-0.04896181052237659,7326.949367026292,0.005394261653563253,0.0035146611861683642,0.3984980050989465,90.48948158830623,-0.9912310075022621
0,1,6,0.018131560068011622,0.06691020317511182,6847.794556672979,-0.0011903979457063884,0.007054890471621954,0.9720061551558723,27.52919202352056,-0.9317919092714504
0,2,0,0.0523107883187889,0.04271098134996976,7257.522162909408,-0.0023976760940997276,0.013324034599139101,0.5238884541013108,13.644891603220058,-0.9260503088558243
0,3,3,0.03622755407217732,0.040797024608060235,6313.871484606563,0.018839572615900396,0.017139596848073695,0.5520904113360503,26.873673488588512,-0.9597392864730788
0,4,5,0.02372877255083134,0.04083858587773831,6506.574707841215,-0.01445131826716853,0.0009645700093588004,0.4676563428966249,41.16972633564542,-0.9775367079628471
0,5,0,0.004291414992303649,0.022162010160197438,6518.985358884873,-0.008985127725980813,0.006579520289089728,0.3760016901631707,38.054400742497734,-0.9804320711284651
0,6,5,0.019213310244063083,0.040652332512563095,7614.536439146634,0.013166005960355437,0.006371465745399865,0.6007119596884632,31.658380087297957,-0.9627570447863267
0,7,6,0.005267143278046359,0.037602863421213543,8197.69499860229,0.015283329646553514,0.02162216803404289,0.6291698003297792,37.98542551988106,-0.9674128502139617
0,8,4,-0.0011819833385809013,0.03028837775454502,7222.089208995108,0.0035085331647719746,0.014500528533805151,0.624546435862293,27.046001154363907,-0.9548583970517213
0,9,1,0.03663107288848585,0.030501732338037976,7652.462736410862,0.014685989909345306,0.005699805821045034,0.43833481542519237,36.29846309075298,-0.9761364712824063
0,10,5,0.013654690711997174,-0.003802442880777572,7139.824562344128,-0.005759047820784291,0.0033821204772724765,0.6843181032825332,36.44599461033065,-0.9631396530892555
0,11,2,-0.00143019365857955,-0.02486072827878457,7191.693245553185,-0.02479793148493324,0.05861046130396266,0.7360171126712145,45.159105386974254,-0.9679261292674026
0,12,5,-0.024038660295022357,-0.041803769738073496,10308.245093038711,-0.0022520025177831036,0.006233675454656036,0.6611899405877317,152.38888296959362,-0.9913598219391713
0,13,5,-0.00178985932030531,0.030639816284038328,7159.557793631394,-0.0005811775686582481,0.008395059517451372,0.5165318153016601,21.396649591368693,-0.95285651990077
0,14,0,0.012769589451847935,-0.049598720548695296,6898.218841326191,0.007719091249482293,0.007119915571931034,0.7812393793925311,73.87808544579262,-0.9790718873573705
0,15,0,0.07013792459754271,0.09464852839753302,8479.843990027168,-0.007505314209060268,0.013638391173470765,0.9347868987156666,53.295720059961326,-0.9655254228063653
0,16,0,-0.016899228081126115,-0.07607220420028857,5799.34244956964,0.003082811396417325,0.018580873619297014,0.50301479552806,101.50243296030028,-0.9901374915342325
0,17,0,-0.06375233704534254,-0.11022514228361191,8749.429391731672,0.01148126014343001,0.005236756590769803,0.3824298385186482,151.1027287955715,-0.9949509266456938
0,18,2,0.004946411858017918,-0.09386814718052951,7066.044330133794,-0.0238555189300098,0.03149511767340828,0.7875270224375347,94.58984962558728,-0.9834860833751904
0,19,0,-0.030176852131633815,-0.023543200198218782,6163.536536869067,-0.014235743946033523,0.009565119322813079,0.675896445379014,64.4783006263624,-0.979252405025438
0,20,7,0.02405238086608414,0.045773647648896756,7557.198337336779,0.006079823428956176,0.015054607625050178,0.3799258508627114,40.921727590281165,-0.9816023902338478
0,21,7,0.019695744195136672,0.04243376343972152,6945.703394404862,0.006612605133636535,0.012648652744561782,0.6055387488757449,37.84199776990246,-0.9685005176306034
0,22,1,-0.012199546931358725,-0.026474580925977157,8332.383338477055,0.0012725085505641389,0.0025384111066586745,0.5971704311504374,55.60629774488952,-0.9787496946000073
0,23,2,0.017550979016507588,-0.0010427744728819521,8353.39159761851,0.007122895870732874,0.012525908367253303,0.768010494050614,34.41888860829994,-0.9563467930325533
0,24,5,-0.021677970765810663,0.052246063424637314,8321.242408659222,-0.0019302663827712012,0.00887821534004922,0.6119327218177486,41.14736203887104,-0.970692382339792
0,25,5,0.035547530307323084,0.12167596140106501,8950.051184984606,0.005764252829829092,0.01329412810152132,0.8608545979882044,66.21342671914587,-0.9743313060812335
0,26,4,0.04597086319298191,0.04380392724041393,6746.116523790595,-0.006323663401573561,0.005099031516778505,0.702985388173736,30.733515821553933,-0.9552758505813717
0,27,7,0.010937536244443255,0.01791199356550882,8301.269483101269,0.02161487698540482,0.024216420225846833,0.3827421776152409,38.526812067248336,-0.98032657091383
0,28,5,0.002728664379040159,0.005761931305383698,7575.780560179717,0.004497054388323556,0.02841350300118663,0.5278477848420052,51.282650457585476,-0.9796239062260336
0,29,5,0.004509421299684863,0.07828910110079054,7525.324209981607,-0.012702109621716204,0.014354913974370978,0.9985816904668285,25.35169248295003,-0.9242071118989466
0,30,4,0.0211948816933685,0.014736955974441725,9033.194758354215,-0.006795486572935666,0.008227816789794264,0.47158268708855355,46.5992317347651,-0.9799628413754577
0,31,4,0.07530712915813273,0.1258400567915929,7416.508561596169,-0.0023847967401990113,0.00394446358990771,1.411077981474224,37.37188497119563,-0.9272320692124584
0,32,2,-0.017514995104890782,0.09482195600023863,7087.509622408418,0.021441875357619777,0.015260722574684936,1.311884794463953,38.36557905225039,-0.9338725479028055
0,33,4,0.019001010717117885,0.02722923248366849,7668.893035539786,-0.007214505902331393,0.007280371426882959,0.43611772594034337,33.89348265434052,-0.9745923214021364
0,34,7,0.033259909590610225,0.046773967364473826,6871.994136910525,0.027323078781369373,0.008733536915712117,0.48230185536582415,31.202789445838654,-0.9695565430905184
0,35,3,0.05663570683646288,0.06877733453009682,7398.18917550753,-0.010481661956395962,0.005515826162035417,0.6268125529774435,41.05264255868216,-0.9699222289838884
0,36,1,0.008912302502409788,0.08800004075500557,7288.65583651237,-0.006501141431251006,0.01692157107239872,1.1211025996386084,28.118947330654834,-0.9233173265590922
0,37,4,0.028043982579334457,0.030838962837790487,7177.43643699698,0.0008771332992646768,0.003297168818600315,0.5748625929012615,19.75919241183234,-0.9434581451423075
0,38,6,-0.0013964867261042797,-0.009577774945112166,7564.790998237022,-0.007681097197342626,0.006123548240255657,0.7261144655352583,39.62530197868233,-0.9640104596069853
0,39,7,0.017546656261452586,0.02578919132654502,8072.420764450037,-0.0050957514593245965,0.014764249518656939,0.3953274520456284,34.396870730399854,-0.9772749367279859
0,40,4,-0.04485048873859257,-0.04966109774137257,6796.045883401336,-0.004547946042373736,0.00268027550008026,0.5079981840310509,69.59025081011715,-0.9855061091592683
0,41,6,-0.02252842400814039,0.04996630730728816,8745.650188458083,0.015283074949189944,0.01436250273753622,0.5397131403775809,32.072665098128375,-0.9669013319474026
0,42,2,-0.09991628532439713,-0.1507485335794604,8428.267224069055,0.00792216040725242,0.013586386016998834,0.49836035738168843,153.7443336056184,-0.9935379712960926
0,43,3,-0.042482127201796234,-0.07264432142369157,7248.0667332469075,-0.006479812813031255,0.01083408375582842,0.764703055693701,106.09324584860055,-0.985687483916214
0,44,3,-0.01306652809281248,-0.0026516230522812727,7035.0773221251575,0.0212732819089603,0.0030695374663077396,0.6063881567599021,39.24993705339393,-0.9695712961971614
0,45,2,-0.06057096652892535,-0.0814567261515503,6508.259419146108,0.0062610704746663155,0.03283543586245157,0.35868969770129666,133.63007558759324,-0.9946459735271853
0,46,5,0.023230370238972408,0.12192938039876788,7401.091443630879,-0.0070583858735049545,0.02486562268873257,1.0808730072162491,81.16287378160841,-0.9737153753347729
0,47,7,0.009975627193898263,1.3989920583009404e-05,10595.040784472252,-0.00790581606055783,0.022240463184864726,0.7773198856890747,67.86099349717156,-0.9773502626195981
0,48,2,-0.013154251195342548,0.03422669581758316,7672.699175931612,-0.009074163207619099,0.0009880099423312224,0.6177285845584958,22.762540052566738,-0.9471581276828281
0,49,1,-0.02402514863520225,-0.08099292393162988,8169.239739738739,0.0009980915875142911,0.031760772521897344,0.5155796656112593,93.85886135585474,-0.9890737436847223
0,50,6,0.0007211672136728277,0.008696081300865192,5760.579951793429,0.0028779116830773914,0.01264322191369035,0.46839126052505237,21.90479201034969,-0.9581292250339838
0,51,6,-0.029740805374310512,0.00122868316519616,7189.784704991892,0.0018393155035777045,0.0069530247463439184,0.7041286229298934,44.921987863005185,-0.9691348430396649
0,52,7,0.0022418162115133916,0.04716518882465252,7170.338813568185,-0.00891989704680671,0.021791746928396652,0.8325077109263714,45.94975853238121,-0.9644092611042472
0,53,2,-0.0335935844360959,0.048320016380233734,6004.810349364886,0.008386982734519283,0.006533873417965573,0.775145893069739,37.09970837231907,-0.9590680461438699
0,54,5,0.00012567687819171197,0.026601388424263198,7125.950792188668,0.0030954803204469813,0.0235268207936702,0.5219290671699436,19.646953048575572,-0.9482441253165337
0,55,5,-0.02363762155839478,-0.05485128629717267,7815.389923714431,0.0011566006067964974,0.018028334210865384,0.821057639525759,79.00625255670361,-0.9794291543082894
0,56,6,0.036763667040232054,-0.008135895839487331,7504.1532051038175,0.0022316667574110156,0.0018516680471050311,0.7198059349421063,60.74502698935382,-0.9765782838353452
0,57,6,-0.008809346975087945,-0.0386647847254691,9294.590309506031,-0.0004030957016414919,0.009491225267642855,0.6808288156177621,99.41772264995551,-0.986396829801376
0,58,7,0.06702146836840858,0.07715092168765757,7717.939505152731,0.010191871032401881,0.006797901897376681,1.0546433098070378,46.8236776717085,-0.9559448498333022
0,59,3,0.008767973845303036,-0.1253152157849462,7134.286386095912,-0.003914084737578484,0.013668584132542625,0.6433859778782438,140.48149369185867,-0.9908820332760695
0,60,0,0.01325209546938403,0.059304597167459734,7639.615318579776,0.0008713046294659692,0.004680738339670408,0.7563478960664612,31.52351802607411,-0.9531381017277241
0,61,1,0.00607306190304891,0.006977009202160845,8434.920888039307,0.0062345941671384415,0.0034263300959008723,0.3814694275554999,41.55380109065753,-0.9818067501016489
0,62,7,0.016852219134962383,0.017994396919896242,8188.107309784109,-0.015891700183722886,0.01199258057384166,0.5116698678072855,40.394190811299175,-0.9749830532935775
0,63,6,0.02303070983303815,-0.040638965790753635,9508.16959616445,0.0031260108053137547,0.0023331851823126196,0.7283070161717057,81.09828180702576,-0.9821987687098515
0,64,0,-0.0016771644272510463,0.008102042043373472,6772.642430052061,0.0072474417667428535,0.010666766345568903,0.4087473460720019,46.374126119603886,-0.9825257699545472
0,65,2,-0.03125157670208516,0.0705567891260229,7157.087089999251,0.018022205441974453,0.0035799255904746152,0.7485430036199837,37.528596208404664,-0.9608882471621455
0,66,1,-0.009834401664895343,-0.07061825062234933,6757.450822018242,0.002582938007697776,0.006317995960845596,0.33907908103654594,82.12108770257483,-0.9917759302519426
0,67,2,0.009305695084121966,-0.05217459123345134,9053.085523432464,-0.011097177843512574,0.010485341884861459,0.5462142880307205,97.34857024148396,-0.9888407887886924
0,68,5,0.020406438212671234,0.06128401341022613,6330.05166114933,-0.00228563973539829,0.008928848859470036,0.5773905943475798,24.38329851027224,-0.9537360052517474
0,69,4,0.04145522764208838,0.07274706973819431,8025.3699993491055,0.009195033569722968,0.030098599940546786,1.1211137337964077,31.89220034239017,-0.9320811154145148
0,70,3,-0.013552282227374271,-0.004801569910461179,8970.516306940055,0.002814127200047274,0.011828248247011015,0.8399152844343745,40.79874642189301,-0.9596569509924201
0,71,3,-0.03908440198123148,-0.03171243348392455,7069.00409801815,-0.0003993011597597687,0.012968103082516358,0.6111012220330398,85.32186852455115,-0.985777258150671
0,72,5,-0.03757032844018089,-0.028405207068647645,8659.470126655977,0.0037111109968992156,0.03085276547611117,0.6003184290517852,84.40028270900116,-0.9858749603765808
0,73,5,-0.051659564842822345,-0.10259724832678974,7466.177471814016,-0.0005883356719405606,0.004879726964301324,0.8350152522947766,83.09951464651756,-0.9801031767547518
0,74,0,0.004634960661439952,-0.009887607401939912,6579.613616963751,0.013298356865664841,0.003589700934326758,0.7684802812965748,42.65724717873241,-0.9646071429667484
0,75,1,-0.026941061005899755,-0.02263096859345815,7864.955758154127,-0.0012698200205600698,0.009490555289091394,0.6784464272339739,55.28881411190773,-0.9757555963545022
0,76,2,-0.02364579211398784,0.04039005400285614,7404.017222029347,0.005935901300515379,0.011717498361558446,0.7473333868825571,26.698631396587047,-0.9455414744388627
0,77,3,-0.10896816415476973,-0.16021743526945345,8327.853691900245,-0.00654812227201927,0.01707722739860081,0.6216914429246166,159.26886742733035,-0.9922235378021886
0,78,7,-0.007096077646792655,0.005488704591997726,9001.671937460014,-0.012863210598811157,0.004750889537911856,0.6223466317036452,51.70806624730131,-0.9762147249389873
0,79,7,0.002627577900799871,0.08635164852797497,7499.140272458102,-0.006852349753733696,0.03570368154746609,1.0596966795978013,50.068504501992905,-0.9585474686929284
1,0,2,-0.0024408922921994695,-0.05161619227623152,7257.456185565346,-0.009484599658036249,0.003491608205739013,46.106285053608296,62.38457668733059,-0.15004297479397438
1,1,6,0.04678936306462983,0.12821403627554764,6907.530126282954,0.008723329696239913,0.0071374511491417904,81.40608179472052,21.239390317782846,0.5861602098766374
1,2,0,0.0804016471187726,0.14368979178598407,7264.373271801829,0.0009440010982584685,0.013376002484047866,62.19443594114748,49.86015761056547,0.1100738304385504
1,3,3,0.04187168871338323,0.058850639713589864,6175.40379263366,-0.021930711182591003,0.016813225299845573,73.5005476080238,33.343445753059775,0.37584800596956003
1,4,5,0.013346304672758314,0.03951353477798797,6388.570315374082,-0.018136177292319852,0.0009498736078574271,55.980639994837,25.983228705040126,0.36598335053303627
1,5,0,-0.03418839399458261,0.02890329862979496,6546.127899731497,0.0041636143283603644,0.006626428544048336,37.568540935295225,26.837308481001962,0.16661891041547577
1,6,5,0.03352683949337699,0.05772015725806765,7580.241556878845,-0.004503870004676596,0.006361503002692299,63.53223733963643,27.348264308392693,0.39814891395496926
1,7,6,0.010942379340062335,-0.07320433343019517,8112.342869878651,-0.010411722897496409,0.02146024065735983,48.87914773628075,93.02229812363629,-0.31108316141205433
1,8,4,0.0035126154618835615,0.03275109459300284,7247.375867391292,0.0035012941081770934,0.014594276734563344,37.16097300536062,48.64137909026777,-0.13380059875256353
1,9,1,0.0585361356268874,0.03157557346780716,7656.803030837698,0.0005671761596674836,0.0057198826663987035,37.385767835845485,25.131132873987276,0.19602115304053708
1,10,5,0.034988888848303146,0.07242469712738953,7142.754935487519,0.00041042649126790676,0.0033935018569755527,45.082170970164135,28.28819086582497,0.2288932435913463
1,11,2,-0.008503581784828237,0.0011922068273113404,7056.504953992078,-0.01879783897132943,0.05767856454804645,37.23225053746529,41.04903324768495,-0.04875728303902623
1,12,5,-0.021136662762941773,-0.10167042596491183,10269.52745361709,-0.0037559874714047357,0.006228603994222588,43.5053686980594,130.97915906574934,-0.5013269169951714
1,13,5,-0.0125975941075215,-0.04423832027210935,7059.932776401621,-0.01391496794933234,0.008302692506752281,52.04631774390083,44.52642269305669,0.07786767794660694
1,14,0,0.026129531959875232,0.05685936417640003,6953.502840337833,0.008014242557867687,0.007198173661431048,41.07152243688763,15.283824427552666,0.45759097306078644
1,15,0,0.06535044681024284,0.06344899241917326,8444.63988839397,-0.004151503456266614,0.013621885409084756,66.75025505898071,38.73352040413583,0.2656023121240632
1,16,0,-0.03341944512484956,0.04147777610825244,5790.980777936929,-0.001441830984361249,0.0186088830371676,26.792505765299243,36.573882990380014,-0.15436223236012872
1,17,0,-0.021791808330778983,-0.08295287378945594,8713.45470622428,-0.004111660760573526,0.005230628106680546,61.815580460322764,96.90487748803886,-0.22107608232148016
1,18,2,0.0005157140116934843,-0.07742175833876737,7047.988389568562,-0.002555310966311197,0.031507421685351984,39.876946045312536,94.30007886647944,-0.4056069424444243
1,19,0,-0.03405299231398519,0.012938865787425508,6173.412757776576,0.0016023626774061164,0.009608742173671705,49.06103156094471,32.245640882905974,0.2068144000044327
1,20,7,0.030661968559098318,0.033271553477616525,7590.298406762564,0.004379939224600164,0.015165204760048881,38.066362821472346,28.642133748671984,0.1412747934252942
1,21,7,0.04694653374539236,0.04139985751356347,6888.0052290541125,-0.008307029839084167,0.012580627751296498,48.75405405336415,40.72079955529109,0.08978225919339412
1,22,1,0.0029787284433064783,0.036332638081438474,8247.801004653937,-0.010151037270757234,0.0025200647496595088,31.823104423935288,30.81635625965631,0.016072107793971214
1,23,2,0.014158341980375619,0.044722877281030166,8424.621780809093,0.00852709733024964,0.012670029020618841,67.92083362879508,28.723595619021886,0.40558197005703783
1,24,5,0.01000862895436105,-0.04130077292727952,8377.800103433296,0.00679678490260297,0.008964958891818243,36.08890749612985,54.854875671493666,-0.20634690488484383
1,25,5,0.05311730913728123,0.07465117452852364,9014.874457356438,0.0072427823072770525,0.013429963464564314,104.80983273148514,32.5197038239774,0.5263989868471298
1,26,4,0.05040076681932844,0.03565631731217071,6709.205072272773,-0.0054715111112671405,0.005086109810637243,72.1039261967199,12.117823052209829,0.7122400529404834
1,27,7,0.05266914975505379,0.04134795068004439,8310.945041304223,0.0011655516331148027,0.02431625281427326,56.256400889800105,31.947120384976294,0.2756044220595073
1,28,5,-0.006307226779533406,0.0014543748209017264,7629.807260870537,0.007131502854609978,0.028700652367039527,25.163719845236365,29.28389990597188,-0.07567236326374784
1,29,5,-0.0029416721721013906,0.021174829759716362,7453.605259976419,-0.009530346866658584,0.014260100159180349,22.337078006977915,41.88556164014794,-0.3043861750354026
1,30,4,-0.00010859000000941477,-0.03921615677319095,9039.77556210483,0.0007285134359058783,0.008258129608371887,50.90442177662212,72.78803423029866,-0.1769195402852636
1,31,4,0.06147713554944668,0.02903332106031777,7501.658683405626,0.011481160050212571,0.004001534424842098,70.88378837180338,21.20691208699855,0.5394342320861055
1,32,2,0.01951673438068485,0.04492742253833364,7180.074254983663,0.013060247887718712,0.015505692940989486,76.4625640089634,35.70641808745039,0.36334595499955685
1,33,4,0.04060575093179941,0.025902458851263004,7544.956141957043,-0.016160988686161826,0.007183868660016518,51.882342131013836,16.344051065542153,0.520887729805197
1,34,7,0.008794385096823367,0.017595513100514732,6935.273046139568,0.009208230968819134,0.00883998955982312,35.78592025288448,36.98162600093882,-0.01643185471538531
1,35,3,0.047897211210062254,-0.024501987960385774,7340.8484916815605,-0.007750637685205631,0.00548923984062123,51.668885455805736,25.196530226914316,0.34439877796040086
1,36,1,0.0061350690297562105,0.08182050253369588,7219.095312260202,-0.00954366975371591,0.01680957844706083,54.14359764436848,48.33469517793065,0.05668422361849822
1,37,4,0.041718139444965996,0.030130446338645454,7197.436773666535,0.0027865571287348768,0.0033161219655284953,39.62952935365041,35.182692882657435,0.05943997301520339
1,38,6,0.03445139597953913,-0.04884255564905281,7460.406946431325,-0.013798669630135617,0.006056887893796697,49.67494162574932,77.57998018022933,-0.21928455228479576
1,39,7,0.02203466999235692,0.07125718445898656,7967.377568153397,-0.01301260171660494,0.014615167324788111,44.660011392403995,52.73722331238301,-0.08293060829065914
1,40,4,-0.006231431308908953,-0.004843558934094969,6719.828770500109,-0.011214920294664234,0.0026580438971245263,36.21769001891591,67.03089749269168,-0.29843708486581666
1,41,6,-0.018781004097248387,-0.04927517030833569,8674.468331488322,-0.008139115495804055,0.014287679379139091,37.8752359616155,47.03735680166202,-0.10790061334578627
1,42,2,-0.09494948071049857,-0.12441539697242376,8482.70430564116,0.00645886991060818,0.013714525589632242,31.045757992101276,149.89350705671788,-0.6568378015235858
1,43,3,-0.010119988772737707,0.05181885719487961,7219.471863587892,-0.003945171962593908,0.010823213899259651,45.82450215918884,45.62223165613793,0.002211894231861548
1,44,3,-0.02205874662948966,0.04390927276062563,7013.030686755858,-0.00313381564406729,0.0030689556379377577,22.261684159596875,36.41092293607028,-0.24115578762609885
1,45,2,-0.05670603673282703,-0.06927645932293967,6513.497607560225,0.0008048524308523169,0.032958921787600154,62.77748426702728,55.060616901907494,0.0654870308372609
1,46,5,0.0022409268538157723,-0.039007453404596326,7390.261159802638,-0.001463336037762655,0.02490256962742921,47.10250068955164,35.734954115522754,0.1372271347621766
1,47,7,0.041722595605958666,0.08207603915078637,10666.892665562233,0.0067816521476051885,0.022457423443549552,40.3150918330486,55.81702004713954,-0.16125650327176969
1,48,2,-0.040794889994152865,-0.031338907967417826,7756.209251508881,0.010884054445824036,0.0010017133665341338,66.58405257820347,38.60478936368685,0.2659907904462649
1,49,1,-0.0068604215773125105,-0.02381480395162635,8143.584324648862,-0.003140489924059708,0.03175453968650902,43.3200940008541,77.1891837739012,-0.28104964529014104
1,50,6,-0.002547599634322866,-0.008675934141823332,5648.325084034398,-0.019486730276885335,0.012433461221312734,33.35293608022748,27.886029228148786,0.08927170510573043
1,51,6,-0.05325759445125909,-0.09131123411308142,7150.130251631506,-0.005515388149641501,0.006935098765735465,49.212734131260525,68.66116413088413,-0.16499352516709376
1,52,7,0.0065317415762566194,0.01921817490018171,7168.911846019683,-0.00019900977981700003,0.02185175975806136,27.831747820872696,41.91062101684951,-0.20186973041500667
1,53,2,-0.03619658330995417,0.027002718279841263,6036.743818835608,0.0053179813537492515,0.006588021001501881,42.15178408408957,31.391620410098486,0.14631038293440876
1,54,5,0.01358406212942287,0.04629740258579891,7171.788337376337,0.006432481296098086,0.023748090590553852,46.223692578329334,33.90855240408524,0.15368520096738866
1,55,5,-0.009750909493944193,-0.058598489548428626,7831.078918770498,0.0020074487913214435,0.01811787914540226,49.2787601372147,74.91860318683337,-0.20644434280391552
1,56,6,0.016324946459789644,0.053609961172317325,7431.593841883483,-0.009669227324807902,0.0018391799101324456,59.53486504541504,45.72492442505751,0.13119863425244918
1,57,6,-0.008986159155887827,-0.008800488752496751,9291.612333326717,-0.00032039886430170264,0.009516207853150563,41.1867677403626,52.93061449552898,-0.1247787228676564
1,58,7,0.042723029342123964,0.05719506396874801,7722.035008972412,0.0005306473077361688,0.006821597594353048,67.35694095493191,41.64141758496165,0.23592578561926159
1,59,3,-0.014540614307965907,0.03886736215801319,7040.106413035166,-0.013201036230378216,0.013527982193396798,43.13303355214342,38.9491644349936,0.05097169934160991
1,60,0,0.005840828462989969,-0.02216354690567159,7599.722891302539,-0.005221784816863273,0.004670049006631393,37.693574069383544,32.1207246270279,0.07982389777356992
1,61,1,-0.001028598337280407,-0.1322745101730189,8408.555104959352,-0.003125789018050153,0.0034257082208711937,76.16819414434117,89.96534020715855,-0.08304853151166214
1,62,7,-0.0037726984367092327,-0.016100681314940746,8108.747349566786,-0.009692100654628055,0.011911424331604064,42.2902065684553,36.77622972549646,0.06973852751361322
1,63,6,0.03289192277675372,0.008661518827487693,9585.459096995748,0.008128746553119622,0.0023590981837657366,54.17893964960369,41.66730681276893,0.13053857921933384
1,64,0,0.007414139468268156,-0.006497407848649528,6693.545643452167,-0.011678866471514952,0.010573327200134083,34.525328600260046,26.817639842393383,0.12564909969993643
1,65,2,-0.07113577790927979,-0.04025853759904541,7062.283339118072,-0.013246136268713297,0.0035429387415527487,50.67847815217137,37.4833186855828,0.14966981095816598
1,66,1,-0.010730760115775654,0.0465481134700729,6759.095091068711,0.00024332682453435408,0.006338198180875767,52.00485853892135,31.480415165905768,0.24584507496898836
1,67,2,0.13230515991154806,0.19955673325734902,9065.1535626825,0.0013330305141600837,0.010530329138191304,104.86648462916317,37.486345473853454,0.4733319253721568
1,68,5,0.03961687995548431,0.025015743888355833,6357.840755902024,0.004390026533787919,0.008994534068371468,54.759011617742885,24.669789585764345,0.37882004481607495
1,69,4,0.06403398984975583,0.047827883579526775,7958.583097477039,-0.008321971681988845,0.029936277331096547,61.74385878186076,41.248990602817784,0.19899311749591078
1,70,3,-0.014222632396259661,0.01572766542130418,8929.1707852398,-0.004609045932871031,0.011808505284783612,37.42334842032972,55.49622429168971,-0.19450020424843933
1,71,3,-0.0061229743142519645,-0.014958967274705713,7018.820198215876,-0.0070991470801867705,0.012914070283673787,45.228200580599385,65.46260495830477,-0.1828011304011231
1,72,5,-0.026542971586371304,0.014097141052617074,8714.35034510128,0.0063375954466738625,0.03113999966019911,29.89203073745368,64.30832654686206,-0.3653520729774695
1,73,5,-0.0713658327473008,-0.0661090444373064,7417.883659910905,-0.0064683450246698455,0.004862482364517451,36.175276915999994,91.96917740097487,-0.4353984788645563
1,74,0,0.03038990085046285,0.11424049220238738,6667.219224788108,0.013314704012176208,0.0036482401672733793,60.79765916234343,42.75614245614712,0.1742236057396525
1,75,1,0.006704726918024616,0.02252003888149807,7795.8923913569715,-0.008781151340305104,0.009435001712254532,42.617462236519394,34.76441461704053,0.1014843260294494
1,76,2,-0.019264290329573223,0.070519222387216,7420.632091836634,0.002244034462514654,0.011778478384990534,63.9395916016925,36.791290739928826,0.2695131843422428
1,77,3,-0.1266210497113227,-0.07914790257828522,8256.67367644273,-0.008547222140411249,0.01698127140883702,54.43167309018375,142.76287319173127,-0.44793936630893816
1,78,7,-0.0036269394490802587,-0.09455794329386116,8897.144778292204,-0.011611971630828354,0.004709591263744023,56.45731925070036,76.73620881161368,-0.1522513132265231
1,79,7,-0.00023371597553627623,0.08348171689016076,7487.562242576593,-0.0015439142969536975,0.035753846932262696,69.79533219173469,54.0917348756764,0.126757358033076
2,0,2,-0.006045191069284876,-0.04941073459983477,7259.297095325259,0.0002536577159879946,0.003500447014160937,34.756344877943114,60.47399015826972,-0.27005728028024906
2,1,6,0.06442778211543881,0.0768864050890115,6899.543708104723,-0.0011561901334085638,0.007145433567428996,75.99221084812737,30.50859094333774,0.427073027989237
2,2,0,0.07762287635225526,0.151082879898366,7146.617834200382,-0.016209992685609718,0.013189143766299158,104.40332574839121,37.89637881641662,0.46737234722239246
2,3,3,0.043726379978418876,-0.0032877157496439408,6163.06419065468,-0.0019981854455735294,0.01681784006424693,42.48459122153609,19.992612501424432,0.360002967154015
2,4,5,0.01091556896587581,0.05513140789362674,6431.891880920654,0.0067811049120517575,0.000958492528175442,45.074251162967975,32.22149011654981,0.16628032584322566
2,5,0,-0.020868436404820313,0.03341286024940858,6470.65589815196,-0.011529258629766777,0.006564946518072197,36.05508117941792,29.042400028537692,0.1077258446969754
2,6,5,0.03863656090264061,0.036871110557355764,7525.53306499751,-0.007217249143160534,0.006329972363800412,30.616566573520107,47.41762813375576,-0.21530383728626892
2,7,6,-0.0011332425440820654,0.04310978853377471,8068.759522170245,-0.005372473576065444,0.021393552963822306,41.98974508874342,28.03452017221552,0.19929127230856003
2,8,4,0.026301040027035125,0.07415163763466798,7281.681953141447,0.004733587215272153,0.014696751537309337,73.95126573973593,33.25887349365046,0.3795573118053918
2,9,1,0.046811220903988295,0.06381828582391838,7634.084529377446,-0.0029671001550846967,0.005715897916758386,70.45698369753993,27.66985843435265,0.43603895053751895
2,10,5,0.053906826867292604,0.09864577340888196,7118.500375037044,-0.003395687052060327,0.0033896800554081047,76.00815697722945,44.080890405700096,0.26586326785869646
2,11,2,-0.006909239984922645,-0.027283374810527613,7016.520270830296,-0.005666357980683002,0.05748233898911579,33.045269992884165,81.3836826018604,-0.4224316618517564
2,12,5,-0.02643025732956856,-0.04949411695932195,10240.202305984174,-0.002855549855177214,0.006224961229311663,62.219035489483375,111.50515173543602,-0.28370324842480676
2,13,5,-0.01671158583522031,0.029864091636893478,7027.370140659948,-0.004612315268852826,0.008283217624415562,36.000411979920074,39.519585189203134,-0.046599223267387725
2,14,0,0.03781337405278718,0.003361950885817852,7132.702124888308,0.02577108094512109,0.007400492549109924,42.03085396408342,19.28830557759901,0.37088812951935524
2,15,0,0.038406584872575714,0.06907803672409911,8398.52902200981,-0.005460370956437401,0.013578355348300564,71.11920750895138,47.021467731537584,0.20397496229098142
2,16,0,-0.03247588762850288,-0.057563243836689176,5811.9355681419565,0.0036185218028805264,0.01871874932335351,27.55546213865747,47.11176332102271,-0.26191278786250866
2,17,0,-0.027709153180346155,-0.019131534184541162,8573.050141251659,-0.01611353587140659,0.00515806348930604,43.06492591836886,93.81675215332983,-0.3707715082803586
2,18,2,0.017692723405798853,0.0075639903925492635,7112.93534572983,0.009214963557175233,0.031870171545195974,35.0330993558946,70.20819579708301,-0.33423283502663126
2,19,0,-0.018182228853112686,-0.06942569180197651,6194.724636606454,0.0034522037754613623,0.009663870152420465,41.47980924035905,58.69349254517252,-0.17183903293410124
2,20,7,-0.007009621275039776,-0.03843081539461994,7685.687827190329,0.012567281984958305,0.01539075849309179,41.86749206684389,34.48644469872285,0.0966688514134741
2,21,7,0.0257736937402475,0.023127537438637248,6873.817711572912,-0.0020597425538175806,0.012583304594372603,49.70664377378539,39.958179976858105,0.1087211616444916
2,22,1,0.009269646663413416,-0.04633700073894774,8316.21514529556,0.008294834053709713,0.002546754581873573,52.41584017510267,46.14793845128446,0.06359234407513473
2,23,2,0.01183113576611125,-0.03725815498209166,8443.332799884956,0.002220992177771785,0.012727085428335855,42.399495294631514,39.393238872407274,0.0367545657056536
2,24,5,0.01299468147007816,0.00027523427347759047,8341.41711783227,-0.004342785116837026,0.008946352419737192,40.03437779364625,43.668307186023156,-0.043414729088035085
2,25,5,0.07333691251406532,0.06407392471273526,9010.715264625862,-0.00046137001133518947,0.013454335992636037,72.89522240745582,42.56576366274699,0.2626814457136645
2,26,4,0.03494477990651045,0.05018846801724178,6672.878084832981,-0.005414499489652099,0.005070090490260042,48.005936605015464,23.45081022545028,0.3436362200686194
2,27,7,0.04882656635448602,0.0429735543727245,8275.221604601067,-0.004298360358011644,0.02426686794914179,37.46733585584909,37.01415909351276,0.006084420870423626
2,28,5,-0.012918892093496797,0.01092986489110032,7569.284208770081,-0.00793244836089743,0.028537824836016388,41.901323307085015,19.615419978673273,0.3622737833263821
2,29,5,-0.010212634575895906,0.0006418165236430039,7375.006561475049,-0.010545057829050892,0.01414185736082965,38.34686911965687,16.501184897769807,0.3982946088579154
2,30,4,-0.005329296787751721,-0.09947578648833441,9077.994767276185,0.004227893149423939,0.008311929084471892,62.96149762289059,64.45139078808064,-0.011693425867347885
2,31,4,0.042829212681948725,-0.04508180064701017,7521.345159561217,0.002624283106766604,0.004021171823629106,44.397714619889044,19.734604026214217,0.3845660209072889
2,32,2,0.03385519107948175,-0.017821915448059174,7219.214023311435,0.00545116484005795,0.01562571919636912,45.54201838495378,28.097744052590738,0.23688661878724854
2,33,4,0.027071162040328785,0.001991197581291418,7599.396329996308,0.007215441284877248,0.007252180644416034,23.95166925516442,45.57903539399961,-0.31104770543676885
2,34,7,0.009389027529812249,-0.03621924580739891,6809.671622897557,-0.018110523177155217,0.008699658645308275,28.51527131459603,46.4274315204353,-0.2390113984149951
2,35,3,0.07266421666321454,0.15686198309108274,7403.293798709222,0.008506551674295326,0.005548540817043141,58.52977477535886,53.92091517975912,0.04098560531196625
2,36,1,0.002459199770682515,0.049668914865143625,7327.486531148271,0.0150145155590325,0.01710081977023156,48.987550038137385,62.0344412804697,-0.11751627841706855
2,37,4,0.00026537908500236934,0.026808064341722455,7160.541607301619,-0.0051261535912210405,0.0033066358043834154,31.797368957793175,43.57250709560186,-0.1562313586572767
2,38,6,0.007101085159966134,-0.007998290971396135,7389.591083222937,-0.00949222525217113,0.006013056418944539,69.14481986167816,46.540190178024986,0.19539808723446414
2,39,7,0.029847954431962063,-0.06914758878909277,7937.88058629431,-0.0037022196584469806,0.014594217324756293,78.64934213473752,39.553820283796405,0.33074852694871976
2,40,4,-0.014947003334794963,0.029942874520314192,6669.8157405410575,-0.007442604814367889,0.0026442689962067984,34.3559178651469,41.594990940458366,-0.09531252738192254
2,41,6,-0.005547308100500924,-0.033224345443551226,8670.78632927329,-0.0004244643100102443,0.014314136976811775,38.210664029174424,72.06472066685826,-0.3069955886410505
2,42,2,-0.1080057174359609,-0.0585337881558898,8405.968847649565,-0.009046107848008357,0.013621410822245602,39.64916191842983,103.27262065889546,-0.4451627847952297
2,43,3,0.03985819936173309,0.0772129529118473,7221.403318294843,0.00026753407222104863,0.010850762781039696,33.417836338889416,23.77853423257019,0.16852996107694648
2,44,3,-0.008937815069206725,0.0067977782572830395,7012.485447570621,-7.774658483498606e-05,0.0030757051441554256,33.03084220226536,28.33209130602204,0.07657311389019818
2,45,2,-0.03927883536440585,-0.0020403626287743178,6503.25502428535,-0.0015725166250135589,0.032982029631891625,67.7610163326083,37.2050689632137,0.29110304802726344
2,46,5,0.006451728151617226,-0.061156834996989234,7354.310948291716,-0.004864538712984018,0.024837862584740297,43.053271420169224,42.221465557648145,0.009754423079929334
2,47,7,0.009848279788256989,-0.0410766006880462,10754.292052516335,0.008193518927613268,0.022692988010696007,33.116196789884725,49.661098618796615,-0.19987246197194378
2,48,2,-0.040561108964083534,0.02035990865791864,7763.7367568228265,0.0009705134389561805,0.0010049688663745476,43.88152502048244,31.154534932695015,0.16961165199184852
2,49,1,-0.02661082811613595,-0.047251918096800606,8139.94092890036,-0.0004473946119124231,0.03181261221702478,73.51428885261664,56.510642889542375,0.1307721968019328
2,50,6,-0.007282926816773062,0.010394694435217362,5626.378675860062,-0.0038854718607416057,0.012413354923563743,54.46539798744882,29.736627509309923,0.2936837959889352
2,51,6,-0.043222815534805406,-0.05160489120982292,7112.138943313886,-0.00531337290099748,0.006913958750087954,30.22611813501966,87.08257398039892,-0.48467385340000396
2,52,7,0.02875021726390911,0.043002851243941514,7149.668299749396,-0.002684305049862159,0.021842730397781476,36.6031976547955,33.33717961652779,0.04669717501738633
2,53,2,-0.03677443911462418,-0.01780171347340914,6048.736438031009,0.0019866039632130315,0.006616140887988375,35.4629369078292,26.51135206304155,0.14444029924813903
2,54,5,0.012503572062059948,0.03412595695259238,7115.078325005781,-0.007907373963479479,0.02361395727402389,29.14593380084184,35.48332398811391,-0.09805760431086036
2,55,5,-0.006991540603935127,-0.06500897691554768,7749.666881589815,-0.010396017972126971,0.01797035460704613,54.42204395011519,82.60915606662951,-0.2056984986839805
2,56,6,0.03393687508731304,0.17997987666364035,7524.842640210429,0.012547617686182878,0.0018664979836087816,88.73175473504304,23.705636569901465,0.5783317934529818
2,57,6,-0.022762608910249504,-0.05114333320544663,9265.497385801587,-0.002810593747164985,0.009511071137024322,35.65789426970216,76.29036194752263,-0.3629575756733015
2,58,7,0.05752485699809062,0.0787675217218006,7703.774855296924,-0.002364681544990523,0.0068209641517137255,76.22372454651477,35.2546379300293,0.3675070722781579
2,59,3,-0.014985600148330192,0.06099705777317253,6967.505332668805,-0.010312497582697967,0.01341896325212277,43.99196867252978,31.124517616473447,0.17129995945735255
2,60,0,0.021014857340745208,-0.005797263879732308,7370.3947873801035,-0.030175850778044654,0.004539440067410232,41.73213619825683,40.96843681177189,0.009234511426941377
2,61,1,-0.018587306100254945,-0.01696308044812609,8347.605971973557,-0.007248466856077119,0.003408621592942651,35.022782600651226,68.3765383847585,-0.3225722902812014
2,62,7,0.02793072749096966,0.005921482078321785,7986.598989063127,-0.015063776837267569,0.011758709482837512,56.80309620741528,26.118283553423293,0.37004705833553325
2,63,6,0.014442194513053865,0.03038602016422534,9425.447389573681,-0.016693170958521596,0.002324999833432,28.31799495329033,25.71507068311041,0.048172803809566206
2,64,0,0.04708921147087754,0.11241376719850336,6670.411539935998,-0.003456180737155206,0.0105607783190358,37.70203719259507,50.59004133949237,-0.14597010695662266
2,65,2,-0.052064850345737164,-0.12060035358202312,7072.248690391244,0.0014110664773209517,0.0035560174566429954,58.977018688770585,86.6840779639775,-0.19021591840043292
2,66,1,0.027273482953016254,0.11804822129258546,6753.387333816126,-0.0008444558296164255,0.006347267059815651,51.15020679639855,51.1424654094646,7.56788024688193e-05
2,67,2,0.1515486121734215,0.1725682367799293,8933.062799957237,-0.014571265871217758,0.010400519247226193,101.19255358049698,40.8320069801164,0.42500076297856143
2,68,5,0.03084419644229461,0.03125419548864039,6378.964441876724,0.0033224622612779437,0.009044968545541638,36.3937727397274,22.222419916591733,0.24176515363227297
2,69,4,0.05166326025277851,-0.019516728817532802,8109.10355944896,0.0189129723379578,0.03057192176559546,32.042742502994926,32.3897455980561,-0.005385529959848467
2,70,3,-0.0182372169483591,-0.024698394209060608,8890.206645929238,-0.004363690677186842,0.011783749701771465,30.456024248085217,76.04959426632261,-0.42808605455534277
2,71,3,-0.01329801457389769,0.009947153719086055,6919.003082701204,-0.014221352406212757,0.012759404541669433,35.253693615330974,50.928733286593754,-0.18188208703984435
2,72,5,-0.03870852402789991,-0.01728476736138664,8655.078714927315,-0.006801612033797165,0.030998627402980608,50.715349031224996,62.907160245941704,-0.10730102065312724
2,73,5,-0.08128543193534715,-0.09604758766208087,7365.625200467142,-0.0070449284242874175,0.004839221400442034,28.37344131455837,94.5495995940116,-0.5383543865314611
2,74,0,-0.024750905141101922,-0.08672412230827103,6682.435048916607,0.0022821844633410093,0.0036648928859930657,55.33598789137227,55.87873675146772,-0.004880188858387039
2,75,1,-0.015727302387924046,-0.0024612148197510272,7799.02750502428,0.0004021494281763597,0.009460290094699578,38.17344791835007,29.665548372019042,0.12541311062135296
2,76,2,-0.0427541526421939,-0.04710570882463487,7267.1897079556975,-0.020677805068618965,0.011561192729315769,44.5484609463837,42.353275965161934,0.025260542069842736
2,77,3,-0.1000843247474729,-0.10773142534543896,8170.621821516594,-0.010422097117832424,0.01684255781509185,37.14571941261503,134.44638038234822,-0.56704627477274
2,78,7,0.0175255689042333,0.1276485770055366,8929.130583378597,0.003595064021486264,0.004737285820884157,56.093559582266714,38.38171878283498,0.18747593133090834
2,79,7,0.005867761885995379,0.07570538091190332,7478.7842435904895,-0.0011723440422557658,0.03579325461866423,73.06165508975606,27.40633530363925,0.4544265253728388
20,0,2,0.02271016709942219,0.0025294622846176035,7514.619427326442,0.010756889712419029,0.003471081000645263,22.507279628506037,28.902831557236716,-0.12440260837988454
20,1,6,0.0005796587783177898,0.03834121790582571,7302.551629054941,0.013212798507934453,0.0072445542986357084,39.28136824252437,20.089301801740934,0.3232583770092379
20,2,0,-0.047717650351337244,-0.014232487650997626,7602.503889415301,0.015046752375534543,0.013440069501000802,35.71787327847905,43.800943195689925,-0.10164977643668711
20,3,3,-0.05898240591965521,-0.06253764800103387,5816.514711744652,0.012268980158093502,0.015204256160493928,39.29895905463038,63.0241205427396,-0.23186520168502792
20,4,5,-0.07097836038212858,-0.08790042674486025,6979.065047439387,0.028494543285631425,0.000996267728191359,21.759326494851354,57.52569108860156,-0.45111126519777267
20,5,0,0.021651252391403905,-0.003932534124187613,6875.690134660401,0.006560273747369653,0.0066823313004982406,39.95483868424978,30.75493911520919,0.13010788401856457
20,6,5,0.02524683050026725,0.0022051900269365703,8084.916182412525,0.017734694081353097,0.006514316988458626,38.96476806899901,26.52884821888936,0.18987987768541525
20,7,6,-0.0447378763065262,-0.0027006680855846885,8877.43188093526,0.017252406909781748,0.02254718421371643,27.78359982021419,41.88676637683284,-0.20242704791487062
20,8,4,-0.10020287237873662,-0.06221647199564575,7905.059890899161,0.009376872471954512,0.015283528485491362,55.98701816621555,40.68148305558465,0.15833011701872687
20,9,1,0.003942931605000641,-0.02253346411421823,8399.667241379915,0.028237893157668635,0.0060244638273537375,22.60860340229488,49.76733741113758,-0.37524533295499474
20,10,5,-0.008155018387843679,0.05673793594492118,6678.4066844022445,0.020896665889507282,0.0030462944407389967,37.84387574281418,34.66519535632675,0.04383838240180201
20,11,2,0.05228342564965317,0.03715443079904196,7726.712511861417,0.01890312770026557,0.06063679260004682,49.297684286643545,37.24732824316182,0.1392380183571231
20,12,5,0.022785597575061677,0.09395054763813096,10107.98821323689,0.017773226650776994,0.005886019019794375,41.234509831932215,42.4855174927895,-0.014942752658095823
20,13,5,-0.07115069578289035,-0.07431918301524353,7125.296687357891,0.011561548906451192,0.00804522168026133,48.828039362174216,45.40251378964247,0.03635259963906254
20,14,0,-0.015228180499489808,-0.041391047705022374,7348.415152875914,0.009462485394797063,0.00730346651418208,50.33655469743527,20.723342673599145,0.41673592446659496
20,15,0,0.014797633888822187,-0.030500989325858523,9006.366059472839,0.0016954077153418252,0.013948334619748308,32.616074861517454,44.366367028284245,-0.15263600216052362
20,16,0,-0.045589253217428544,-0.009198283848829036,6563.8829010447835,0.01194437282207421,0.020250963091551197,46.11571012297827,19.268190530456025,0.4106136116659088
20,17,0,0.029561788879417114,0.11881381920983489,9037.153696292084,0.024551293249393005,0.005208489682592442,79.98907212821607,36.106317923097144,0.37798877444957213
20,18,2,0.023123955354868456,0.005410914532695694,7119.439021089343,-0.0004866187939742764,0.030556959225828472,39.92299101132032,29.772468043049795,0.1456410949270936
20,19,0,0.08761430723830414,0.09257376412365996,7253.448983282568,0.012866088585350577,0.010839330554576075,71.05510385624875,46.2645464269699,0.2113078019685639
20,20,7,0.02590375058382767,0.03685208978163892,8250.378577196037,-0.006346330703417155,0.01582632135997893,20.26891070848448,40.79169875074518,-0.33610519488227053
20,21,7,0.005664946742044652,-0.0014233005991219677,7275.482382978802,0.015676682996537968,0.012758138489477105,28.875596460232664,49.93696414584413,-0.26723364300538033
20,22,1,0.09260054544561545,0.015789367173571184,8695.770592897361,-5.894711411627736e-05,0.0025509284294084893,59.23922781931963,63.502365178271724,-0.03473262204606566
20,23,2,-0.02347069487153117,0.06442616787657188,9000.3446820513,0.02214440674023284,0.012995799830265787,37.63827245191088,32.51534131838768,0.07302447954034137
20,24,5,0.015142200287306617,-0.029772564162217872,8739.341957615501,0.01422750914618819,0.008978705278919584,49.48514420725842,35.815279306665154,0.160255533762991
20,25,5,-0.06581440393656941,0.013939258026576681,9729.634407471816,0.010964081306845185,0.013916446189658377,27.714632635546394,38.44434163116706,-0.1621807035913633
20,26,4,0.03146110445769113,0.07154768726222827,7134.692732342388,-0.00036049174707182205,0.005192860006697374,43.872187902386685,33.365013550845234,0.13603774028202767
20,27,7,-0.0009008515115500968,-0.07726639787123192,8797.586949755476,0.004691451118607539,0.02471305763884607,37.10491436206134,56.167758743462066,-0.20437759256271903
20,28,5,-0.030602712002928013,-0.04968621110169866,7759.249069043512,0.03598822630872685,0.02802299624134767,40.93359009755105,40.94881320443009,-0.0001859142656415795
20,29,5,0.11213976549767765,0.10100280099750844,7953.477178438572,-0.002283222891522309,0.014609316599598061,65.23686854601043,48.157079965963746,0.15062345745983496
20,30,4,0.04586921279365022,0.06117119265276669,9184.098655151585,0.016582647763275,0.008055217317770653,54.45149749005478,43.785393263949445,0.10857534419229364
20,31,4,0.06534362519323704,0.0701452776956369,7957.145697378616,0.020192868957341122,0.0040751466480571565,74.29720567404237,42.6472750783534,0.27064065265662346
20,32,2,-0.015899343653204088,0.009766390294589002,7231.994102971477,0.010199979413829437,0.01499467239501643,18.312867815095323,41.286483185200225,-0.38546754258457466
20,33,4,0.0250214632299589,-0.001394951815626308,7344.042943156579,0.015060532513992645,0.00671357038426555,39.07316329347675,30.289862001846643,0.12662800179356754
20,34,7,0.0007344925910992648,-0.006996106544290075,7358.106856956454,0.020911104051415483,0.009004735342794636,52.35034440510586,38.75860539384127,0.14918116212631916
20,35,3,-0.019482705981568305,-0.020901920769266356,7653.55227171958,0.003161210099718592,0.005494721350979263,36.08717296479426,52.479306117550706,-0.18508281375090818
20,36,1,0.029256460244113186,0.049856839285109256,7874.85297818483,0.02190329625736087,0.017604884311444306,47.26443660661557,49.19140366554571,-0.019977712634849282
20,37,4,-0.023265902760380788,-0.015667298248522327,7511.9077002685235,0.030592669229999862,0.003322917466366894,28.740433355904134,23.831235312645678,0.09338105803938325
20,38,6,0.045391036043304724,0.01293599336892167,7480.30624544333,0.00987893809744187,0.005830731870549297,40.07409821636065,29.733799653256572,0.1481250528739443
20,39,7,-0.03784861778152192,-0.04577904868284542,8366.770502176245,0.020201414528219507,0.014735433759973639,44.041256066531474,46.68821226678157,-0.029174161921645923
20,40,4,0.08454775424331826,0.07314924013613183,6950.081875940049,0.01639810075558379,0.002639432364052685,77.66763283649551,47.92474090312366,0.23682084387383773
20,41,6,-0.04795174335330482,-0.10705056187016908,8721.966606911883,0.023536104742454066,0.013792720140030985,56.965372001614476,44.3112258115352,0.12494639890353151
20,42,2,0.0906994893113055,0.10247938705836808,8618.873340321135,0.011395629567493376,0.01337869132977148,83.20665847223472,59.11928850336571,0.1692408902280424
20,43,3,0.0008719215034316344,0.026699207948166787,7962.440447330847,0.005326839776138943,0.011460767048059428,57.732355932713325,33.76540624424251,0.26194028266895764
20,44,3,0.03581158496888927,0.018359342915832803,7349.796606859894,0.03950479193272256,0.0030879969803334966,27.15626212829701,32.99041874230695,-0.09699881239438973
20,45,2,0.022229364640041518,0.00022177493212629726,6922.956502595338,0.004223037958099626,0.03363310904823943,32.22185079760481,43.54169816702952,-0.14941020482764467
20,46,5,-0.09562690097603267,-0.0940509469884432,7818.263556214912,0.004771398239452066,0.025293641471971887,45.223744568195976,87.58379468339037,-0.3189581732602538
20,47,7,0.02890689419302379,0.04474948082092077,11137.747592108462,0.026853474729446145,0.022513138800990828,88.28974739868941,58.13279037954075,0.20595843697654032
20,48,2,-0.04504281917066719,-0.04602754006390407,8570.168203221567,0.023746645009652,0.0010626737969653987,38.24611237347457,61.434438274934095,-0.23262638248274053
20,49,1,-0.02528535188777495,-0.015774660168222935,8175.230315629465,0.001294864310462272,0.030606022633722738,49.959354278604266,45.542557153627705,0.04624825889547213
20,50,6,0.01605154227972156,-0.006973088066248887,5760.631085473064,0.015944471268577884,0.012174723261638279,38.92273727863889,30.73045793234406,0.11761526978572054
20,51,6,-0.015938546792557608,0.02218777070629166,7040.875638594279,0.0012854338435907744,0.006556650665257645,34.2719736737083,15.582142618845461,0.3748904292037261
20,52,7,0.06437959208243517,0.024503132458372684,7562.662053487468,0.008325282571602576,0.02213219793661527,47.16388656248754,53.39584759030295,-0.06197272775487445
20,53,2,0.049513495427453896,-0.008120650672540919,6462.278367051619,0.006207370723314372,0.006771027304174437,48.901682189118745,27.73004996205181,0.276277615453421
20,54,5,-0.03761167956456117,0.030557820204012945,6934.1194713825,0.018207583596710465,0.022044955574802138,34.589410866181964,16.733155468195964,0.347922106647992
20,55,5,0.017312871967628426,-0.0025894035491758408,8244.43337850699,0.04239350306510458,0.01831315812216887,46.46867097746382,31.32835354520511,0.19461306553764698
20,56,6,-0.002019234020424699,-0.007204830934990952,7580.432896840088,0.017190949804482634,0.001801162641167782,33.67806931829205,29.824400626765303,0.06068533546490833
20,57,6,-0.11868946847927617,-0.14123290130379945,10255.372621502931,0.020198141103423956,0.01008418854078714,45.954635256868045,76.60081455220828,-0.2500597023048138
20,58,7,0.02317939395236509,-0.017732711998672754,7721.420466968524,0.04011081578461597,0.006548897718960336,19.28057519497021,35.860113060748645,-0.30067702072540287
20,59,3,0.011994856822958175,0.029789669101710475,6754.331859547199,0.01754987248150256,0.012460999220122027,36.65727761297887,17.002936526996145,0.36627399649109205
20,60,0,-0.003317591176522021,-0.06163615517337456,7837.423675680652,0.0010400308121782387,0.004623955865842764,22.174395568901076,44.312199992172374,-0.3329664308439875
20,61,1,-0.020576963960388005,-0.027450305812854688,8437.095206321443,0.02301305695652265,0.003300187535502892,48.35454344805085,56.681846927221166,-0.07928017565473648
20,62,7,0.009022523659634256,0.003327507039535809,8386.514989024514,0.009905521402956237,0.011827913215830523,33.614705368437974,39.453235231182276,-0.07990549363717446
20,63,6,-0.054647906783198495,-0.11631812683038234,9979.024859316694,0.02877208679245441,0.0023579678376264485,49.32793353576326,67.41007989175026,-0.1548951007895976
20,64,0,0.03238312958527979,0.053326117744699246,7511.7201766088765,0.03259630618961981,0.011392302777019256,62.195200103383534,31.07054085463583,0.3337201734388597
20,65,2,-0.019501974726394602,0.01807436164947046,7911.3961574845835,0.02086400474619399,0.0038105556848482968,68.23943206561123,25.540298980447204,0.4553130256231776
20,66,1,-0.008685401763633355,-0.008107042802167288,7259.646268415136,0.011088983144942107,0.0065359601040394675,50.73833775337657,48.80299296397726,0.01944262524353075
20,67,2,-0.02720338426806193,-0.015379045968730513,8978.425965668921,0.001956327262223421,0.010013448324062703,24.135252841099213,72.06154946351106,-0.49821091214813423
20,68,5,-0.005976042558732159,-0.01781159134755818,7138.140661034726,0.013454704084047595,0.009695513188283211,40.06842960664748,27.661209951224713,0.18318744549995897
20,69,4,-0.052600870856660195,-0.038553961924926265,8619.188270768895,0.011395798236185847,0.031127560085385,62.66927726771422,57.55282944501422,0.0425582944980596
20,70,3,-0.04036220164325982,-0.15832490256812884,8708.129339524656,-4.217845076710802e-07,0.011056695367649924,38.703269062890556,66.575857527795,-0.26474942723456907
20,71,3,-0.02625974935440276,-0.04472009322679048,7125.358250367101,0.01289436284379391,0.012587005092293347,49.10190233492681,50.173255706600685,-0.010791756898688852
20,72,5,0.03972563265246161,-0.0026095546965888908,8920.779384478295,0.030495127115107133,0.030605752456140594,45.59875257751444,22.544703688314236,0.338316401195262
20,73,5,-0.009691361574965654,-0.06315674165977139,7824.822694153829,0.011082700654468359,0.004924580052712887,50.82083139086965,47.35706255937814,0.035280537115733104
20,74,0,-0.01214144417890933,0.006735888557542334,6877.368805890324,0.019259938801710032,0.00361308080352979,37.83866725037976,21.941691218652682,0.2659230630023094
20,75,1,-0.021598467512146446,-0.052133470068755836,7983.552297487082,0.01011377351336127,0.00927660354840069,49.554154693632725,42.49352882497417,0.07670617661067575
20,76,2,-0.019427680100056757,-0.03250156368456161,7094.909511631797,0.029705336402938376,0.010812144084629702,49.68774817089658,47.60189109720602,0.021439662942125758
20,77,3,-0.0258460480602664,0.00908643676267118,8924.469140269728,0.013399828341378263,0.017622363264779298,37.96291324274581,28.572235149661186,0.14113860598250585
20,78,7,-0.023250604340343525,0.024272230298801725,8598.062564037158,0.014608875547414338,0.004369682024179559,38.73103750604884,25.299746097374037,0.20976303353793485
20,79,7,0.005951001615038039,-0.002687465986515373,6884.837479492995,0.013553753368145625,0.03156404824219045,26.231714368704168,52.28652022318635,-0.3318312744749527
60,0,2,0.012773977329022792,0.011224209158347485,8215.554629649221,0.01566295390850814,0.0034220802266279713,41.13520023897894,32.27974155482785,0.12062202145309749
60,1,6,0.021090178331807936,0.02290507541577534,8657.894488260583,0.028307036856134858,0.007745418100507076,52.02619459785678,30.74177197617358,0.25715773266446695
60,2,0,0.1022234672990768,0.12001708551735217,8336.743755499714,0.006618835223682713,0.013290363457280668,89.32684603754684,79.14547367772244,0.06043350253009663
60,3,3,-0.02577137868835537,-0.029307739588795317,6660.120369746697,0.0021946258867848196,0.015699288373907116,57.81205328255383,70.94938749641305,-0.10202848099773025
60,4,5,0.018932766170770943,-0.013531274079550109,7163.778484590516,-0.002256631551877903,0.0009221817138846479,46.379640734254096,41.90181935788258,0.05072210373103738
60,5,0,-0.03062174662800731,-0.053689729190294966,7787.243014888525,0.008707549867324617,0.006824816465105149,42.0233832045945,50.70963276081009,-0.09366943871816322
60,6,5,0.005813088386533202,0.0003483241192356393,7531.270003734325,0.013473864962244064,0.005472139056883733,61.23164986912218,54.16162551529991,0.06126894596074047
60,7,6,0.12792460165348135,0.13666643339504372,9420.994592423973,0.01162205295801968,0.02157730798768985,78.96094301353583,79.3902699427565,-0.0027112323373011935
60,8,4,-0.03157834138859953,-0.09336376006690097,8215.345671439389,0.02952718647337261,0.014323193176994667,85.94615421915843,50.579604984807474,0.25904671353085257
60,9,1,0.022736370171992062,0.030752785409982945,8235.66623698853,0.010619263682572877,0.005326606306358293,41.061803974532026,37.19518329975726,0.049409270780804815
60,10,5,-0.01986855662925454,-0.0760512937341179,7664.347694258062,0.012999250331647836,0.003152606420670437,51.73328046183273,88.41250310235183,-0.2617219134777528
60,11,2,-0.02300453021001397,-0.0035264288339154105,8485.53064543483,0.0075526144526142725,0.060050415281283624,55.191402919861716,61.821502403185455,-0.056661267105220715
60,12,5,-0.03342793152718013,-0.0029515923108067547,10778.928725649777,-0.009203668403826049,0.005660151764867908,40.20822781008118,70.13847910250699,-0.27123828276872824
60,13,5,-0.008473218040464994,-0.05964284217587039,7588.5063892984435,0.015723605108245702,0.007726572934230342,53.1248707880544,47.57529489056807,0.05510989838032946
60,14,0,-0.08047093904775943,-0.015828516926313152,8710.852863023252,0.02292994296443475,0.00780713299936688,45.10937992062945,51.66218085027217,-0.06771411845974254
60,15,0,-0.07278328944773883,-0.02546695559172786,8902.353874373457,0.011100870793344132,0.012432920542772508,66.72427148518095,78.25340735262756,-0.07952352361955752
60,16,0,-0.047608134986201284,-0.118687730099125,7510.61253364545,0.015284591088218892,0.020895643810427945,48.75576233303498,87.5990742589929,-0.2848693372123777
60,17,0,-0.046856556223223066,0.009650146169166998,9383.8455050415,-0.011762989349041714,0.004877042388330892,44.405128488385145,79.45436598772973,-0.2829757835465776
60,18,2,-0.08383040083299163,-0.09194203791103275,8926.071149720763,0.0005387908057021534,0.03454778799746272,59.314464118055305,84.23674914349652,-0.1736125000898386
60,19,0,0.0018839424903513671,-0.019766840641951763,7093.860891324018,0.01880292618844177,0.009559520507176076,36.940959547259965,34.88797618303044,0.028581564564866543
60,20,7,-0.038399736112475866,0.018598685083084918,9589.262000883607,0.011908213408697847,0.0165877250912654,50.14411310289585,33.273889649555635,0.20223720176088963
60,21,7,-0.020002822224239887,0.005416355102159341,8157.054591247225,0.020527287151169322,0.012898952070204119,44.645681694958405,31.738530158043837,0.16897669326725248
60,22,1,0.05291676759044271,0.08475994941410887,9157.954741450378,0.007444094337199467,0.0024226140658548147,69.7064228319498,59.57658287559919,0.07835399479485303
60,23,2,-0.023513988674304938,0.023070196334107153,9668.027388861636,0.017050875674681186,0.012588595684692607,45.19220495875426,42.579052555059405,0.029772302205580428
60,24,5,-0.02418900648159473,-0.03638606975738692,9365.757719041736,0.024522439956349874,0.008677076847591822,48.405905968808355,48.686862546313854,-0.0028936921029174946
60,25,5,0.13312550256575578,0.08971986664230822,11089.850931315037,0.005776253092112112,0.014303854135472098,142.85149957508688,39.157751652352914,0.5697169084696028
60,26,4,-0.019119962666370907,-0.03542570196067169,6493.9701389169695,0.0007202627529628285,0.004262232823506616,48.95999162936558,58.54762520772336,-0.08918097024508655
60,27,7,0.02903204032046024,0.06338416033113942,9565.195428889516,0.014758034681388619,0.024229938030813775,59.233013080381625,41.896290947544635,0.1714312414122629
60,28,5,0.06350179060093397,0.04475162708423672,9515.525489106509,0.010817398813394871,0.030990115453615262,63.66844335837961,24.70445217990858,0.44090431733278107
60,29,5,0.024815855792620446,0.03063423677461077,9463.308232357616,0.006262429103850541,0.01567513857699344,38.762951050816476,37.160488498973436,0.02110629551722367
60,30,4,-0.19105917192242633,-0.16010176467819653,9425.108912462345,0.01839274246261672,0.007454570738058829,45.369563769174505,95.67353568542319,-0.3566567390422746
60,31,4,-0.003885795301870422,0.04473683226325868,8969.224368099545,0.008364381305513164,0.004142250522162726,41.356769843077636,38.90260469833319,0.030577925117614868
60,32,2,0.027554586108132568,0.005832032383136714,7863.8344473570905,-0.0014674022381269327,0.014703096981274956,25.908227956693857,43.35956007274365,-0.2519400808407707
60,33,4,0.05057889980510138,0.07936286615244807,7844.51448602598,0.007277685323987283,0.006466658839341695,54.199649457392354,29.398345344297624,0.296673433036658
60,34,7,0.01740484982702257,0.11042382807848611,9914.401965202262,0.017539291772698917,0.010941249630459289,80.44595086516567,87.11422853294206,-0.039796314922135395
60,35,3,-0.002043324243386003,-0.01115336606245184,8588.405059765113,0.022343599380012992,0.005560203429671357,48.7703545755536,30.33377989857962,0.23306714369992387
60,36,1,0.009374229127405917,-0.014527735352990952,9116.077145789111,0.02339917237432008,0.01837783103997119,31.88166040703448,28.950362632580422,0.048186754737664386
60,37,4,-0.011033401429136894,-0.009222840978595838,8088.265100685506,-0.03319923829831907,0.003226415015799513,55.86810873033786,70.5506822345492,-0.11614233447441605
60,38,6,0.38212796136394034,0.37948949265104986,9096.732850186821,0.009007161821919695,0.0063941773011959155,182.50933651153682,36.12458203597794,0.6695427472891229
60,39,7,-0.0053403593935234875,0.01869682084502287,9754.59505469272,0.01753286424178169,0.015492084406877186,38.140391826872275,18.770774602260307,0.3403482732758821
60,40,4,-0.02181512281265589,0.015777583948053297,7370.433815108199,0.010836675717921324,0.0025241154139450063,47.74902299848411,38.55905056721651,0.10647871110418658
60,41,6,-0.0014731946289483712,-0.06852479943127625,8662.197526907688,0.005987108529157174,0.012352621351393265,33.15294995776995,68.56414370696072,-0.34813414808686277
60,42,2,-0.026866236622960317,-0.06604006795850079,9764.863964090813,0.02248432474364112,0.013668626433842465,51.966247721868285,75.94352778727311,-0.18745463331302442
60,43,3,-0.04520623828671102,0.03959885384470284,8692.089688028933,0.009465869944699432,0.011282029431473713,68.86837160915744,57.486184353014266,0.09008133635846666
60,44,3,0.14083860470634776,0.16965865041730488,8432.812655386626,0.01304482811607082,0.003194990268411963,119.91373852817935,67.79656681811458,0.2776468325148143
60,45,2,0.026208864638395654,0.015590690420927266,6898.487055138677,-0.021777671437997997,0.030222111789911056,43.32674314158226,31.37689561200151,0.1599633930662784
60,46,5,-0.039875869942930096,-0.027227195365421956,7697.840165467362,0.017902312873220427,0.022457710682220654,53.598865030576526,60.60573495909467,-0.061353657638050466
60,47,7,-0.02809017470341825,-0.038478747261187156,12631.422615515889,0.003160350368465687,0.02302430261560093,42.14895702078088,70.6605254667986,-0.2527408850484192
60,48,2,-0.06982401517430492,-0.10226960551621823,9538.099896978652,0.016820535090172627,0.0010665176191456374,50.43699725681356,62.49775785385103,-0.10679405631253507
60,49,1,-0.007459523139462373,0.009501756763256495,8900.147286975103,-0.0028554312853298833,0.030046897381144525,30.627433418667685,26.299998967152778,0.07601668071221095
60,50,6,-0.024264985662352072,-0.009778889392690712,6544.265400072053,0.026088402053606505,0.01247226930756222,48.665024937594765,68.91310900372255,-0.17220960553823128
60,51,6,0.013221010678092582,0.013444147703171611,8044.863019336611,0.016182958368148096,0.006755687732384086,46.74211292472207,25.535176751326286,0.2934107832232404
60,52,7,0.11752172005869219,0.11174555922716436,8045.088732982842,0.02689435910323922,0.021231282633997487,104.00450219406403,53.71347089327791,0.3188668375329476
60,53,2,-0.04081417217971707,-0.09490302799768752,7308.655745537552,0.002087713045116818,0.006905608465846008,59.306304841195114,50.79246215472719,0.07732913745261034
60,54,5,-0.0016059893123247238,-0.006779800481679602,8450.136050236959,0.030860662013043275,0.024225745512737436,50.219414231742405,29.39281067513589,0.26160057178034657
60,55,5,0.09983279840641256,0.08496871746773102,9577.716323196837,0.028955827605306232,0.019184917839402325,87.09052338868031,42.78263389046035,0.3411627962708752
60,56,6,0.014786416150056356,-0.0037454546911460523,7946.250702123117,0.017059156315133887,0.0017026160660715054,65.5334341193839,24.03276398901952,0.4633519230064012
60,57,6,-0.012895280944310859,-0.043802649139760105,11914.200069149696,0.008334081416520176,0.01056452420284511,44.20271524564236,66.99728112038156,-0.20498710988716246
60,58,7,-0.015363533856085874,-0.03294935811863228,7797.903533941745,0.017265299542648774,0.005964092974205018,53.30972577079987,35.994364932263764,0.1938921353100816
60,59,3,-0.035918449401632274,-0.10369615246430658,7594.426953413061,-0.0007272970329555688,0.012634586254528214,56.15152416410616,90.66473997443114,-0.23507760541790446
60,60,0,0.016708761498453736,0.09010621746795335,9847.407655406849,0.01676992585966155,0.005239113584711475,44.05890075121302,39.76554682843813,0.05121839805319398
60,61,1,-0.019681829000197236,-0.052649010491201624,10906.160524657178,0.01120152801965158,0.0038469194874464125,70.17657190177178,38.45827363181201,0.2919716791962693
60,62,7,0.08875425838649237,0.11451252788267263,8806.273062105332,0.020500399724577283,0.011199903767930551,63.992756693624244,17.18081582347616,0.5766894251168971
60,63,6,-0.030699032131257013,-0.06442470840568959,10800.939631062389,0.002469979838609874,0.0023014781323814535,43.61058081360303,100.67849430979369,-0.3955109799337919
60,64,0,0.0284756896676266,-0.03579898620106355,8996.943488995235,0.011169577586719324,0.012304462628690142,57.58287623128132,28.947779065301123,0.33092430731632544
60,65,2,-0.0306510437887845,0.05219653529769395,8382.02224474663,0.020907495102899853,0.0036406550440260363,68.78143775885707,27.65919556203777,0.42639954529916335
60,66,1,-0.024229445856638474,-0.0645640814889481,8826.836628852769,0.007782650064715499,0.007166293033407841,39.0250104532242,80.09361706864348,-0.34477064980903327
60,67,2,-0.055925705447804265,-0.1146984381387211,10143.62658722104,-0.0008288780172176508,0.010201692993591452,47.26364580243508,128.13470331931987,-0.4610708020990897
60,68,5,0.019482442410388424,0.0371124846998238,8289.752129213126,0.012267187963193451,0.01015366396134245,42.59396116867119,33.12553610893172,0.12504606343200186
60,69,4,0.032465449176112104,-0.029095191997297536,9298.658688600468,-0.03142781552587374,0.030282697718386986,37.158126867744386,42.31662552410513,-0.06490738883792813
60,70,3,-0.035118694413067655,0.04442287635253666,9512.259865751852,0.016232883038985534,0.010891300005979798,27.84042800401436,35.83309080538244,-0.1255256965641895
60,71,3,0.017973810202716704,0.026472265878212164,8270.539378938094,-0.004790564673668672,0.01317483177128788,21.761693225016398,68.58997759790212,-0.5182890802777386
60,72,5,0.036909351190550416,0.07435456215740725,9848.403625935704,0.012801138392898046,0.030469241496085635,49.264951422574754,44.0223145843829,0.056198847522711676
60,73,5,-0.011094493404788219,-0.058688353141571,8578.49092473775,0.014661654375980274,0.004868566806953664,32.65484773706246,99.26584402009058,-0.504932133051155
60,74,0,-0.006928392527515985,-0.03436669978878793,7612.4394818973415,0.02687422283306794,0.0036064071419905233,43.18579781803278,65.06493467070368,-0.20211537002528196
60,75,1,0.031466199629709576,0.03584369013972355,9441.15645684668,0.014362429602546993,0.009892670825749733,71.36199149485337,29.363966845434657,0.41695333895079484
60,76,2,0.05894516128800395,0.035250651239199224,8249.721109979053,0.022776076115113474,0.011337042436012341,77.11893218666982,34.08471786349235,0.3869856277503342
60,77,3,-0.009470205590838658,-0.07368208141321594,9075.320326565605,0.010730281529174608,0.016159922061960586,66.16695402110601,69.13639005445438,-0.021946508814062567
60,78,7,0.015336613256938778,0.019338895651158133,10565.161396974521,0.018049276565199616,0.004841956813238848,25.34620760535188,33.513907311897,-0.13876458987362297
60,79,7,-0.0007834458794709082,-0.0002725664588833325,7312.598035461424,0.009726796254986103,0.030231956115506484,41.96445611067124,50.41858448511942,-0.09151169218760122
252,0,2,-0.016212339570217966,-0.024275278834846835,9084.773483346347,0.03687088863597352,0.0034370097601908616,53.42439102649014,56.610896482993525,-0.028958941523188977
252,1,6,0.012074592358418821,-0.018887227263302615,12551.420980873881,0.05145223447934063,0.010198559564120748,40.539027707023074,30.691838926673135,0.1382432819587993
252,2,0,0.0578969023365087,-0.060105636166842474,8982.257974451059,0.03546912406655594,0.013005866513329151,30.424797772107343,60.15694234536621,-0.32823552003275314
252,3,3,0.0030919252192716483,-0.018254377928765487,7316.975170887828,0.0416442172853155,0.01566544849629603,42.69175864891453,33.85954756513264,0.11537636025400444
252,4,5,0.04109174730310244,-0.0025568648860116658,7651.4062944473935,0.0701013937756024,0.0008946001878572482,36.364233517385635,45.41939111673275,-0.11072091313813905
252,5,0,0.04472815475657171,0.013938889381487414,7657.48511112303,0.03744859000396052,0.006095464034430769,53.55316579659012,30.8166878912692,0.2694858045999335
252,6,5,0.009760075368696825,-0.049667662890351745,6595.047877885813,0.048100993673008234,0.004352314029811662,69.51829979672746,59.03273959415178,0.08156729227689212
252,7,6,-0.018789349617370894,0.0415521666876324,8689.806892510738,0.028191076574906156,0.018076901634537405,42.08668387299282,34.48442971683796,0.09928357835800386
252,8,4,0.06324477745154078,-0.02218864372331087,10270.037260449026,0.04137671587213322,0.016262952370570183,40.45816727824627,58.19391082566119,-0.17978073942400463
252,9,1,0.002443559398675307,-0.0195776213028175,8732.209690387004,0.028277839520923324,0.005129669447183028,49.5308659204469,44.304830480676024,0.055693468905215496
252,10,5,0.01577242802003012,0.050579296003334884,11482.209385448095,0.03472219014352829,0.004289763827488076,54.01027574889664,26.028737770886465,0.34959873625559396
252,11,2,-0.01526365873041198,-0.0886391216690964,8635.87038939628,0.028478155440965665,0.05550811606701884,55.680581089169024,75.97020728287015,-0.15411701247249232
252,12,5,-0.005410252727220399,0.07394059988320893,12482.119537587661,0.03465621447348994,0.005953250764088176,45.25066538760876,48.429088600105224,-0.033928603323183155
252,13,5,0.010156700306125062,-0.04381196875604874,5508.157469008734,0.04846818919112186,0.005093898828093164,58.650446093876766,35.59414606228684,0.24464321510502074
252,14,0,0.0011642164341883025,0.05470001281221652,11326.263365258497,0.05315314204112765,0.009219999955506847,56.80247609643241,34.130227914169275,0.24932996800986457
252,15,0,0.059518051404211396,0.08520218927650501,8537.721413965479,0.08989334803425823,0.010829880068466104,89.10839613985502,46.46312409834766,0.314559222809215
252,16,0,0.036184604685636106,0.06581551774630538,10626.672400339861,0.04624807491870922,0.026852891340511525,49.85785070185014,48.94310331064466,0.009258487434043797
252,17,0,0.02329593428962594,0.02380157863101398,9250.959753868163,0.04318716305946936,0.004366926034279527,57.32819802510366,33.569886863572854,0.26137306622429274
252,18,2,-0.08291007575506461,-0.058528951660709275,10263.186957349175,0.028262021701437212,0.03607908418035593,61.015180172586284,103.00417961774042,-0.25600026422840916
252,19,0,-0.012655119294562867,0.023651249942403932,9280.254588109181,0.03244175703856501,0.011358649410841127,58.618577670137135,76.89157480092673,-0.1348459639181402
252,20,7,0.05413836054814196,0.01714072925451219,9272.78982136911,0.04219743375815144,0.014568855095713852,43.945030611411006,32.20573043598628,0.15415867174280587
252,21,7,0.02395932037745869,0.07172487627335136,9642.50540642268,0.042661686537672106,0.013849188116112118,47.56070606118983,25.226130337673954,0.30684910662716586
252,22,1,0.008062382123203888,0.10350800384135014,9407.546936135179,0.030084398070341238,0.00226034899321723,51.995455242787386,39.67516088784292,0.13439742062226015
252,23,2,0.004701401763668442,0.03537544835263768,11689.078078224791,0.030794586095420004,0.013823978063045566,44.33248486943272,30.914496357653665,0.17831929324987605
252,24,5,-0.04995151550081432,-0.040918689808173855,10925.74456371663,0.023639883408163333,0.009193797435657507,78.44988499209387,65.89110664207175,0.08700770451796207
252,25,5,-0.022970398881501708,0.08738923181021227,11185.497139403236,0.030532897174758357,0.013103762665054126,37.67409952083601,55.944725755426646,-0.19515974677614387
252,26,4,-0.031220926787538808,0.034591229903517325,6345.940499245447,0.03714337480266239,0.003782999125770691,44.590541941544465,27.95156033973274,0.22936999450423703
252,27,7,0.0077016723425160916,0.04484570315251999,12919.00651298934,0.04595191243080049,0.029723567690512098,63.28936554367968,57.91200388587738,0.04436716914228666
252,28,5,-0.42174694062392865,-0.35679488062342,10866.31775088177,0.06610274848655642,0.03214298317134687,23.396977481096545,162.62309771572728,-0.7484467474092253
252,29,5,-0.027372051977478037,-0.10981895545003649,11474.22368484805,0.049507482472683946,0.01726255511837147,65.23888210035922,113.39858009219948,-0.2695946158239635
252,30,4,-0.05291758228797372,-0.05822898167142648,10685.491123454512,0.04622838942814825,0.007676161685826751,56.34054400390441,50.09745581210827,0.0586546928966084
252,31,4,-0.10385662814430757,-0.14239884483990323,10537.348032579855,0.026507927515342963,0.004420039604760187,71.55092635479488,160.38548178873788,-0.38301255134806234
252,32,2,0.012511340646351746,0.00789356605435278,7184.8317174469175,0.028155822950794607,0.01220125274925181,40.82939951120793,52.91740158381267,-0.12894308852441316
252,33,4,-0.00695720889608476,-0.029646207740125375,6828.085348040421,0.04284107344574232,0.005112415988328541,26.242032320979,29.786424994304326,-0.0632605794108708
252,34,7,0.038779198558558395,0.058057066356746304,8891.210143784847,0.05605044329645052,0.008911989007540108,84.44109183288205,42.61097364433148,0.3292360343069233
252,35,3,-0.087489251510635,-0.06789769839799409,10129.872010583042,0.04268126554182295,0.005956559489172791,53.73796227779329,74.46892549151463,-0.1616992938075401
252,36,1,0.04202742023063024,0.0708428853430096,9476.142235282676,0.0331278414861909,0.017351267156083983,74.47522930935088,55.5700180566404,0.14537410351767374
252,37,4,0.008087934700475995,0.07613427297132701,9709.990256403873,0.04021122025749226,0.0035180095194715854,56.60698458398999,52.69059188098524,0.03583238375119819
252,38,6,0.014172768311319459,-0.03008937803696974,9111.117467381097,0.038741576346007105,0.005816801490165737,55.86362659755298,71.8331350644413,-0.12505805361794212
252,39,7,-0.01093672149044372,0.014794907753038235,12790.798050075704,0.044322855872270486,0.018450647624551134,52.06040066625065,37.73983189811911,0.15947139956132
252,40,4,0.031343293343972324,-0.014502467774297145,9956.967567617965,0.03569744537785993,0.003097109882430187,57.89785953695847,52.86046142847138,0.04548099018234389
252,41,6,0.020020199461044108,0.005402391504856514,10969.13081061896,0.04095647771530936,0.014207465987453085,45.742261536309954,47.767376030539744,-0.021656746265970563
252,42,2,-0.08707333192553385,-0.03046917504026779,10583.353730392684,0.04173129900292502,0.013455360933539828,53.680446326539105,54.63927471369801,-0.008851835824003632
252,43,3,-0.053496905892964276,-0.04490886003071186,9168.908303382977,0.03875938338832704,0.010809211686635097,77.17311803470085,58.963799081209515,0.1337573917430032
252,44,3,0.02814510656102314,0.01870348973753066,9197.814653311643,-0.0016082499471031866,0.0031651558890305872,50.81945213829847,52.67076541555536,-0.017888775586693665
252,45,2,0.02743204405739133,-0.10436332778570509,8744.39604940243,0.045540642413015926,0.03479478333798171,39.90714973093476,62.47749408795893,-0.22044657787478353
252,46,5,0.06613518124971829,0.016881366508846668,7917.288987988572,0.03141026061461665,0.020979080712367138,59.36727145020945,40.67440388321689,0.18685080497207518
252,47,7,-0.07283621048366279,-0.10866405177412189,12407.411593899498,0.025996044929650658,0.020541340021317977,81.16225916688877,69.21660730337307,0.07943703888603644
252,48,2,0.02019430677589299,-0.016870456105443493,10476.452608438565,0.0418247327788273,0.001063980782257914,55.92601639099761,31.23906080821235,0.2832207160911663
252,49,1,0.16196381807685278,0.1955708496112613,10300.504292459329,0.06152106118988523,0.03158452068661558,124.23859626525967,30.335915259743235,0.6074913650283145
252,50,6,0.024311196031277096,0.11594091016533714,5691.604805694972,0.04216288728647837,0.009852187687949637,61.2897491041339,28.636958930612572,0.363104475708614
252,51,6,0.040706809684166324,0.16472009212594244,8596.947710556255,0.060163935634599264,0.0065570510019687545,61.828726604923766,21.54718812782382,0.4831315926875872
252,52,7,-0.05961620013575337,-0.026419376746327793,5720.7858847907955,0.03502631375832826,0.013712430832219572,86.47991822861002,57.61493147842259,0.20031935082117194
252,53,2,-0.004725638901416698,0.010595384515910897,10064.543430641002,0.04179546919845568,0.008637178329666585,45.709200145719464,60.30967908942511,-0.13771583937597376
252,54,5,0.003598141266879684,0.06915724589692343,9233.056261690961,0.044606497016903855,0.024042094206616297,40.76032729157081,41.37592125046617,-0.007494790300445812
252,55,5,-0.032758949145844485,-0.0950511121426417,11826.579504634006,0.050200461370919464,0.021516443763377056,62.175269452726376,104.10200737504402,-0.2521495343317001
252,56,6,0.054121818584013305,0.04927315089758609,8720.506549799436,0.046005032965206694,0.0016971082322778353,74.82912972919675,23.849069748610315,0.5166294100404145
252,57,6,-0.013754296449396651,0.02017075336606631,14123.51807077988,0.04289515918166124,0.011374735504153492,39.02121786084955,31.0061722204118,0.11445586692610504
252,58,7,0.08182796695440785,0.05251255182218003,9721.898987834044,0.038980625162045715,0.006753532812988083,78.21625543254828,53.9405555503876,0.18368860220992678
252,59,3,0.0056686363171503315,0.09953959559752092,8337.897364989916,0.040186110964042454,0.012598995577581745,59.12559725310631,18.795444277590594,0.5175771804732631
252,60,0,-0.030758384185544337,-0.12328236436870492,9471.34116417782,0.03788921555000988,0.004576787418686183,52.81142791862523,69.45963667855283,-0.13615820566083198
252,61,1,0.006798136249435999,0.03546797367677079,9758.41275020713,0.038755263109973924,0.003126322368885967,48.86758876982427,23.06460036459591,0.3587126808646324
252,62,7,-0.3692564929692652,-0.4907546004327186,8747.258838595872,0.020336051325295503,0.010104329135930089,40.32867003815748,153.34396629960222,-0.5835377593753909
252,63,6,-0.041670359858119344,-0.028959585786700975,13411.976464656178,0.042189222087714376,0.002595681847301775,53.378205386316495,70.3986960775731,-0.13750942615157177
252,64,0,-0.006981970555903702,0.02044493155708789,10274.143181642896,0.024404383094442973,0.01276223202064152,44.15831691872134,65.14679477965912,-0.19201734973440168
252,65,2,0.0767420400138501,0.13717949755063158,8964.15268913209,0.03776685594884763,0.003536334439602392,93.8933618196505,57.65234058656769,0.23914252042396836
252,66,1,-0.0020381896443758332,0.05432549988989777,7966.429846142006,0.04766551331340787,0.005874441366160697,50.997180055144746,36.4783734531163,0.16597558997430453
252,67,2,0.055651640360809995,-0.028657218068650146,12349.838361461096,0.03227813371758477,0.011281156735900246,60.68870922905165,54.48754930108449,0.05384060922842681
252,68,5,-0.024756237937229128,-0.04853577647177534,11358.237373952947,0.041975517319905245,0.012635881520631123,39.22304804443177,53.887142602889924,-0.15749183259482963
252,69,4,0.029307193414133386,0.0342684083058892,9177.438390161618,0.05399067964680064,0.027146203179252947,70.75165132908114,54.44204778093327,0.13027495524104188
252,70,3,0.07347551120210091,0.06529641648497765,11581.498670035964,0.034307610017801346,0.012044094089791407,70.87063410141954,50.66738993733604,0.166229822507851
252,71,3,0.031398938468454506,0.07174298456898717,11835.773204179955,0.041097493815286386,0.01712463180266606,61.76748297946858,39.96391100252874,0.2143249111536203
252,72,5,0.01748775821107469,0.012787908805494344,10750.156130868894,0.0328754983077444,0.030208136749666242,38.31141184686833,46.75891682001001,-0.0993002508092033
252,73,5,-0.058901110342137145,-0.053958734532724796,7438.75727269736,0.04895061381870292,0.0038344580314000442,84.27337760003671,93.1901619929439,-0.0502457260421376
252,74,0,0.04146860265630249,0.05377949479286112,11182.247496362983,0.039530313651733665,0.0048116426393931214,40.16486140770385,55.598845661749706,-0.16116736419456942
252,75,1,-0.0871051324275689,-0.09580675724944705,10750.244090055356,0.03709727182443456,0.010231046348014064,68.64830111284503,74.05661524464928,-0.03789858310289619
252,76,2,-0.012910678186562267,-0.011314048532918664,6042.393959450347,-0.008540227720693488,0.007541937098076253,62.77936831319131,51.984492241161675,0.09406163246680818
252,77,3,0.03147070004332643,0.03520296757642959,9341.945023541637,0.03697456617432983,0.015108730312945559,52.825759902487015,25.523825488356046,0.34846303624439295
252,78,7,-0.18505195193000715,-0.26542552352596477,10932.17144908826,0.044628201114721884,0.004550557149665969,45.15722874570886,135.27959671154701,-0.49946770974801924
252,79,7,0.04373427929302608,0.08222184777992497,7634.443579860893,0.04569699736398483,0.028667201572029632,62.63582499697509,42.26212796518097,0.1942239715483303
504,0,2,-0.019532710172234777,-0.04544986957351882,7383.197557912253,0.0010001751131373804,0.003147579630273574,54.295137166627626,56.32455063304012,-0.018345861453427842
504,1,6,-0.06228905122959472,-0.08001050608235132,10148.41645132241,-0.02963629220211856,0.009292012720505508,35.32553077919831,67.56266055350223,-0.31332196004639845
504,2,0,0.12445368949157726,0.1030745817217386,9814.404422339685,-0.007595752263888899,0.01601339044063574,91.61360975208706,53.675348946603506,0.2611228075761847
504,3,3,-0.09303486736989078,-0.09346840042222379,5821.290816097829,0.005206717428310276,0.014044171440379673,34.77672805169509,97.81017860726905,-0.47541233251056386
504,4,5,0.026534533279275012,-0.07953973162435127,5345.9754821732095,-0.007409431726775585,0.0007043366029254887,54.748585333729466,48.216032124704626,0.06344464118072919
504,5,0,0.04179761933628498,-0.014553747241078177,6716.535824767513,-0.022422842915718975,0.006024645843417048,29.875466241032516,46.07672284407775,-0.21330861951427327
504,6,5,0.004057358598980106,0.029512604031812804,5881.898424555989,-0.003979439856096542,0.004374066338202328,22.590841314775034,44.334369614061806,-0.3248929364164767
504,7,6,0.032371522744554945,0.008479218260230487,6873.677396247723,0.009385859602242351,0.016112709949979064,39.11577551142629,32.19042441521308,0.0971213036628087
504,8,4,-0.06830447048520291,-0.11224317115852199,8516.957492123303,-0.009738178184665833,0.015197684523367073,66.51512704453012,51.9676965458157,0.12278092349393492
504,9,1,-0.07118676642678207,-0.0526459886469629,7795.252608892749,-0.03131751195108774,0.005160134147808035,44.70211952318072,67.10261814218578,-0.20035375142911901
504,10,5,0.009247041263446025,-0.012190096064581199,9632.26029180741,-0.014403155590811836,0.004055101275392929,46.20799453193639,33.53231932128112,0.15896194281137566
504,11,2,-0.0028802708407360683,0.0284885646250631,10319.853205122161,-0.015722690961330117,0.07474625985359593,49.07176666629199,58.96132413578796,-0.09154192845896088
504,12,5,-0.009895542036386087,0.04317826269424409,9353.888495877982,-0.005328760751791651,0.005027170352274988,29.172411167359925,40.32072823340801,-0.16042327576532636
504,13,5,0.021300688693619053,0.06951366300245884,5281.221383712738,0.01029166741711255,0.005503562656364336,51.52808775231392,50.758687709884185,0.007521989415988194
504,14,0,0.013273028863513893,0.026922714871371982,8657.565978292896,-0.007856970477131086,0.007941556820937074,41.79514727640264,32.56967073504741,0.12405700421146344
504,15,0,0.11638250441414384,0.1212790365976626,6574.613306862724,-0.012372452768320719,0.009397610836300932,89.60949128440483,60.503934393137364,0.19389043158334857
504,16,0,0.056863518374594524,0.0495938667716079,7679.896075186586,-0.004527266196534867,0.02186828271738697,67.21276300960342,44.176283120180784,0.206810998833539
504,17,0,-0.040709922209823377,-0.029465925109331385,6875.536605247498,-0.017817680326864746,0.0036573053191016527,35.93193033136561,48.92192311378031,-0.15308665729198778
504,18,2,0.04032561098600764,0.02766692130693837,9981.755363119291,-0.01057864152920711,0.03954082816395956,25.014469047107497,32.70884812770137,-0.13329759024691837
504,19,0,0.05490209336286883,-0.06943102249940439,7864.491204145805,-0.004847922175554797,0.010846834409861825,34.120966725608376,77.87574660769114,-0.3906791420876693
504,20,7,-0.06311796816705284,-0.026360111935911763,7094.521461319143,-0.003488657728580504,0.012560406328447902,40.74513371988398,59.639338951831334,-0.18821840399110681
504,21,7,0.025840961740560078,0.03111192539697954,7018.230211310114,-0.006934262542074005,0.01135867328056781,35.963452656937704,42.099391720107604,-0.07860255556990176
504,22,1,0.06795722497462665,0.04921470546517583,8233.75114752667,-0.026592155335481527,0.0022292686891855983,68.73160606300553,33.14158388371697,0.34935611810675626
504,23,2,-0.07468165823763291,-0.12554576311825547,10264.844125014584,-0.003083742176764298,0.013679515310487837,49.35492180182272,162.83519958227333,-0.5348047168251506
504,24,5,-0.003504304616985858,0.03406193166061272,8748.505345803393,-0.012129533540322684,0.008295514449563278,44.90575032798427,37.427613799611464,0.09082753519815824
504,25,5,-0.00767289622259029,0.026904064447015912,10156.786325335772,0.02432187542875724,0.013407957295933554,47.65598888791914,24.521410775311068,0.32052385123640226
504,26,4,-0.0673010407934492,-0.18031661594851475,4135.485369159845,-0.0015189959830648643,0.002778000428714245,37.51806783614905,68.26710758298455,-0.2906743749746921
504,27,7,-0.06034222411721709,-0.12188540387183158,9064.135841578585,0.0017172559939471633,0.02349978013930426,68.05086892934084,71.25184855949814,-0.022978587121897258
504,28,5,-0.004319947350277812,-0.06548866358938248,8711.011547591725,0.0008373881542097939,0.02903607733849597,52.92104777881965,31.802611009905846,0.24926256810187303
504,29,5,-0.003577031515942193,-0.01821492908554473,9948.9793635504,0.003107326370326525,0.016866534961352743,41.07895719881716,49.75205486286052,-0.09548608418079184
504,30,4,0.050409308922794105,-0.013931062857659493,11074.365132408602,0.003006795309532089,0.008964664463150862,34.3794541804049,62.56268624548481,-0.2907221971886901
504,31,4,-0.045283260993725885,-0.016173273725176372,8251.026832066485,0.0007085131002642717,0.0039000341546105415,44.31471683057773,60.71278586522269,-0.15613119053191118
504,32,2,0.008989668538406345,-0.07611128841970982,7913.891154820622,-0.02667670314159356,0.015144100060463975,64.94711859990444,76.26713253669723,-0.08016197972655302
504,33,4,-0.03334981247352343,-0.02480015037953452,5556.46008953073,-0.014103056137828626,0.004688036855234283,55.25236582085435,48.38988345219798,0.06621317480779965
504,34,7,-0.07208137570253674,-0.08073936052472008,6915.321098945028,-0.0187464670974703,0.0078107312023052485,59.15222810259146,63.38901296159345,-0.0345743589845664
504,35,3,0.07528470404937224,0.042750390395539885,8351.310080498004,-0.0223409075439635,0.005533650283728976,59.41628260276815,29.96821552006598,0.32945385050889403
504,36,1,-0.07854886260182771,-0.06334889406509428,6741.469621010569,-0.03595365978971854,0.013909764660584483,49.823975845783934,79.0065545239016,-0.22651912240173433
504,37,4,0.003587299414449835,0.04754866519437858,8976.627887616323,-0.008176423345834277,0.0036648568297938285,45.45003800825343,24.451436563681156,0.30040283946603324
504,38,6,-0.06759813093375429,-0.10914908473658198,8843.544615713648,0.00032933103711639197,0.0063621593534679164,42.04069485036759,104.83069125666663,-0.42751687765861063
504,39,7,-0.0006038579529457997,-0.027070986657287712,11202.526729375984,-0.008725386019343452,0.018209395806012902,28.447420383385733,48.77705814249604,-0.2632538043236326
504,40,4,0.014200038752072782,0.03585365230501517,10495.071917366704,-0.0035752887335991166,0.00367858262267253,37.84889224345752,47.163951259394395,-0.10957237320870004
504,41,6,-0.00696914345229447,-0.044717013275913,9093.568142738433,-0.020083744771197926,0.013272242540441757,39.398273678244294,54.16367495283621,-0.15781417008163037
504,42,2,-0.0061352348289891775,-0.015861643475108076,9030.652876778504,-0.017590333962249523,0.012937690681917347,59.4581556946538,44.23697052301809,0.14678785519328394
504,43,3,0.057457114577736786,-0.01650066224440226,8927.573023736206,-0.03094773913557962,0.011859745743284744,30.79540600482436,52.14017590227676,-0.25736564941575996
504,44,3,0.05615305156196881,0.05646844260973008,5064.449168211189,-0.004643123767519337,0.0019638496780138314,39.35861571643838,40.013453818520276,-0.008250233437408725
504,45,2,0.06209946343279525,0.04015583795592403,7676.298788041874,-0.014410667003021235,0.03441927850145625,47.66449442883732,40.372831536739554,0.08282467478471606
504,46,5,0.012427777711480728,0.0024167496181252274,8707.12842194795,-0.041060591037473324,0.025998631052084584,39.25008421633292,53.33010336006978,-0.15208458215711756
504,47,7,0.02810391319225789,0.005610073745292836,10270.056576687402,-0.02072771095994818,0.019159580359877273,44.38734576157745,50.49174579296758,-0.06433872765124897
504,48,2,-0.001498032902106059,0.01830481659599948,6630.4792011093705,-0.02249163311070345,0.0007588047182132276,30.659299863012855,46.800138149306484,-0.20837794205940627
504,49,1,0.06310443088817941,0.13955714755437848,10251.189917099726,-0.013728845938019964,0.03542057909399186,95.97319582726719,33.43600635275998,0.4832514876880669
504,50,6,-0.06876825846720308,-0.10239678512353541,4169.073877941846,-0.005918095475373548,0.008132107386841935,60.49385315365882,55.29622551803858,0.04488836777037103
504,51,6,0.03762954595831207,0.11392253207037714,8373.996232944713,-0.0026852793067409803,0.007197184106430674,63.19830991631582,46.968832053110724,0.14731686392991628
504,52,7,0.01970686691581523,-0.04041018212024797,3928.767037311223,-0.01747405963351014,0.010611593581980947,31.62300026647888,43.01516897126573,-0.1526319418198321
504,53,2,-0.04579700302018556,-0.032496280551224783,7466.682705703523,-0.00638574108426761,0.007220563293790962,47.82835526223976,79.44240749660692,-0.2483999588658177
504,54,5,0.007615356052619796,0.022034518256796407,8164.755783190051,0.0025437388822643157,0.02395717394897708,34.520942724325096,34.07235651460063,0.006539796375086177
504,55,5,0.058088494542868865,0.09846513107282413,12878.6399709337,0.0008353025894321155,0.02640261324575873,60.214848530431006,41.270056560179285,0.1866759588842329
504,56,6,0.11391330654056546,0.1797531355186836,6938.696899325859,-0.0007854619193795381,0.0015216379069578204,100.82907358199063,56.74910190045808,0.27973398947091194
504,57,6,0.0694689335778479,0.17089995751961862,11542.712712058623,-0.02333333667289491,0.010475430456447674,99.41283461250396,20.339393640783392,0.660308723473708
504,58,7,0.10501472386049256,0.1196366788396057,7333.628639358879,-0.020309582059395644,0.005740694011099173,85.40842217233298,42.080776389647546,0.33985346422333407
504,59,3,-0.040929223476054544,-0.056161644993940815,7665.821769561616,-0.006143597322894722,0.013052799615618242,43.53903222552986,77.21458431151004,-0.27887820714149525
504,60,0,0.002100612145817752,-0.0247911027883107,9462.831501509916,-0.02312029664133857,0.0051527128636895,48.69730368941981,44.175203134907825,0.048691488031189285
504,61,1,0.04147026582459731,0.09408953912370929,8584.938613943114,0.01438452801420517,0.0030992552334477455,68.13417847686777,40.584210583616574,0.2534066971657449
504,62,7,-0.01178187163074147,0.0768472882314277,8902.101600525286,-0.023888645691440787,0.011587603538588623,30.965466951337167,29.95214548824992,0.01663429380256063
504,63,6,-0.0015904258109721466,0.02255746465979699,10179.893647224444,-0.013422814792673505,0.00222007421439498,37.69826863880071,40.29230756759611,-0.03326092785745278
504,64,0,0.057506290173836336,0.12506457703184418,11423.957751526044,-0.017650553251432305,0.015990542021710016,45.55507709738255,31.30611382846633,0.1853856685941464
504,65,2,-0.03882462266143641,-0.0775971443390515,7961.151663229504,-0.010368779986416965,0.0035390407002344566,41.58441858092076,36.790634199189235,0.061164671813617295
504,66,1,0.03632315142556561,0.03230266681817402,6703.955037653458,-0.0077470733259205555,0.005570568318018981,30.2248657414495,38.30885799650871,-0.11795641348558218
504,67,2,-0.013954776750437256,-0.00078745802600063,11491.190482724827,-0.008013864621527846,0.011828317079156115,25.664168620791692,25.89191309160199,-0.004417412325404309
504,68,5,-0.04747589580240603,-0.04614961467658643,10205.198481630725,-0.0013632453623273304,0.012793272034166544,40.27350367140956,30.054453971888435,0.14530565143390958
504,69,4,0.006171391253878722,0.044655999934511595,7205.253442935836,0.001269346779741486,0.024016098371234054,38.166919061601185,35.96450739179735,0.029709554707660134
504,70,3,-0.016539698578524314,0.033750020700308234,9603.133392485162,-0.019875864902205505,0.011253507741150592,27.125332358450116,25.363951745977946,0.03355695629100837
504,71,3,0.06681100545399224,-0.024021521611820626,13208.563918797057,-0.02226198187873471,0.021535045046844246,42.520181642908796,40.82225054811063,0.020372948690604114
504,72,5,-0.038663471766772,0.000660913176167989,10096.805082948249,-0.0022702872007623904,0.0319711835438027,42.497613936360594,61.0693865557173,-0.17932133334882078
504,73,5,-0.06475804619426395,-0.03586380073255876,5232.214889925363,-0.01248586220356259,0.00303916828002962,41.90535395705097,59.44134149658854,-0.17302969239274588
504,74,0,0.008845645180280033,-0.06379184402241725,8043.973882625245,-0.006427978460670663,0.003900322254162044,46.33285050709204,56.91491507798955,-0.10249194750926438
504,75,1,-0.02475827517461363,-0.06591108141705926,9026.713937755763,-0.009185956754176987,0.009680481983159166,57.389349660385136,58.55913305565794,-0.01008882020584524
504,76,2,0.008725715951609982,0.03601778126004042,6212.206502823591,-0.007273188980546229,0.008737462540984833,24.549161540156664,44.54134597078436,-0.2893622459955503
504,77,3,-0.00624361096031288,0.048053847474131696,7034.02125730002,0.0007728499563213892,0.012819170181116904,37.2580799872885,31.884263621484514,0.07772106187393411
504,78,7,-0.03382633681316832,-0.0038922282003413175,10974.9648443583,-0.021888090216046444,0.00514786146700885,47.76632798776604,38.29391581170839,0.11006722451331742
504,79,7,0.07520961662461542,0.09345772065055208,6566.11098754914,-0.01489250472380449,0.027783164107167583,87.42114692349467,35.592057747205345,0.42132947690137645
756,0,2,-0.02167200506599702,-0.10357288603703646,7620.576856385017,0.014626517834991106,0.0032405214196093955,43.906443481277776,90.94948037635389,-0.3488392318930753
756,1,6,0.15100604364770776,0.11065428307854856,10223.777889996683,-0.0017403901861583612,0.00933722304359894,99.95766432359368,71.33364095295384,0.16710727566854386
756,2,0,-0.025747876642936627,0.01784343568499762,8791.294041132936,0.008158423501365622,0.014307605637547693,45.943066476985905,36.581477015115674,0.1134400635933574
756,3,3,0.07125280438100608,0.05093304349978452,6760.410493686695,-0.013478137313528739,0.016268394893489732,39.45054765212033,59.33087325085138,-0.20125571607293738
756,4,5,0.0044828224206552286,-0.09062409995448616,4965.522821009976,-0.00950111398468087,0.0006525489424220988,58.544679993314,32.47665243038897,0.2863947040600587
756,5,0,-0.013994018014136588,0.012322637246563059,11508.112946373576,0.0026336606278451833,0.010296393090129204,49.994080286802365,41.750064077210794,0.08985877264048522
756,6,5,-0.02187223028924927,-0.04437350411278583,7342.588300913706,-0.004077962361356062,0.005446428858850553,22.49915877818342,47.99141685792112,-0.36164065691526553
756,7,6,0.002594862971450863,0.002471335288678193,6982.791945432219,-0.01532686406476965,0.016326885924902668,34.72497453526892,25.606045718642523,0.15114826134378262
756,8,4,-0.03698448029146668,-0.07096508287123837,7522.238801552048,-0.010236061212056544,0.013388590978874104,45.51515366878102,51.81080110552235,-0.06468621295600036
756,9,1,-0.020073073245551597,-0.06363025186299254,6901.1924583102855,-0.01597409375849069,0.004556692794898325,48.529506861869336,53.03219690666301,-0.044334526476745094
756,10,5,-0.04985671813125504,-0.02292236362122539,9272.206327955795,-0.00829015066843143,0.0038936005490509806,49.22605791531385,17.439617587029137,0.4768036937792787
756,11,2,-0.0300092438835071,-0.027944569855583388,9667.481198495201,-0.010497811821860529,0.06984319450201149,40.77788836142903,47.6500268630378,-0.07771458237013405
756,12,5,-0.05207817086894511,-0.02285428869108118,9087.606496467904,-0.025984353462755422,0.004871646185568771,76.89292165647296,66.68871207969136,0.07106904491323096
756,13,5,0.005533668258542245,0.012820424084867416,6774.320018944214,-0.011038569011805124,0.007041579115820363,48.51185972114438,30.437081344745934,0.22894263218913097
756,14,0,-0.0422972490341006,-0.08911551923218711,9672.493606291062,-0.005585483644482798,0.008849996545623143,68.76012416769848,59.72277637491781,0.07033891478588429
756,15,0,0.001875952539001054,0.02699586840013123,7673.813292824931,-0.0035149886559056407,0.010940905899580232,51.800932009691984,24.670151186511443,0.35478483746876915
756,16,0,0.022657970125510282,-0.04871584215781891,7017.571342358495,0.008926920733504259,0.019931545961658016,33.68595061095671,39.78064799016802,-0.08295875261924875
756,17,0,0.010140331215742378,-0.07012407518350772,7334.722024014429,-0.01190331576256698,0.0038916438707726707,30.884125216421925,59.03714842455545,-0.31308523631710466
756,18,2,0.005646739804942029,-0.009090143297051437,10414.175389421887,-0.02171883392849181,0.04114892928428666,46.81883491151144,32.20799521895179,0.18488454703616647
756,19,0,0.015224054463173365,0.010809715591799123,8713.808345245543,-0.002266877603376829,0.011987681482060425,50.434848261709256,35.21654335016908,0.17767726390626423
756,20,7,0.001564560895151449,0.051386271290567456,6497.642262613226,-0.005084247638223949,0.011474431863056895,34.84417583979608,28.648937523931014,0.09757339005062497
756,21,7,-0.0577226293286512,-0.07806271811094564,5235.408754409956,-0.0008218377675530118,0.008451725922163198,57.6845009644851,57.25800982907264,0.0037104734572463802
756,22,1,-0.01745000579251942,-0.0112932403034477,8759.541063303821,-0.01617168664187882,0.002365597455526751,46.961968550688255,80.3099730447018,-0.2620216528146329
756,23,2,-0.035655084656874864,-0.08893513538328887,9594.526207516732,-0.005257641208450451,0.012753714672651932,19.491785055597873,85.84620695912653,-0.6299191833239384
756,24,5,0.1008244100139716,0.12727481952192726,7895.927982697821,0.00038754554807944553,0.007468054065525924,75.06414029283468,46.89981820821662,0.2309233189093675
756,25,5,0.024100881017739585,0.04580703653167115,8427.657283731578,0.0129065086787804,0.011097061188163839,46.78812034275149,29.731446587406037,0.22290604141409814
756,26,4,0.015218354903832929,0.023958254232536804,5331.121694894577,0.008779547716929681,0.0035720639745444255,53.54960635159323,22.38257496039019,0.41045879167801386
756,27,7,0.04588584487324754,0.10580153218399285,12328.12448916499,0.015591793508481316,0.03188080045416786,60.63712070490631,53.78269398011542,0.05990594149798315
756,28,5,-0.02840349792282927,0.0035028285235189707,9388.790386298018,-0.03001317993334093,0.031215752623592576,32.94331062236274,40.81174233659557,-0.10668329014019706
756,29,5,-0.029645766976882905,-0.03414465787221224,8529.985778675218,-0.027031397894428745,0.014424157642326121,45.98933670121788,44.63161363470527,0.014982441272847848
756,30,4,-0.01705198861597606,-0.0013432206298469931,9577.289689318592,0.0012605878427749484,0.007733082380485203,51.889523445408244,67.0951290101216,-0.1277946798245144
756,31,4,-0.005925071708792733,0.03182049914525586,7925.6924746475415,-0.0012969163484604028,0.0037367362094916138,49.071719681851015,27.50374754817196,0.28165642226654586
756,32,2,0.03459731682053169,0.008820901348358012,7335.14291353617,-0.014356490041384937,0.014000926949344567,32.875696750060044,50.683268516125764,-0.21311383774469594
756,33,4,-0.0676531323598627,-0.14139772775736542,5629.494724923426,0.003559026671660198,0.0047375853460433805,62.93275209755033,68.24868754486624,-0.040523533373059
756,34,7,0.01899124412391636,-0.029504166927672656,7284.903088190156,-0.019965121558316618,0.00820725510428474,42.422162539210404,39.25961687404126,0.038717884059922346
756,35,3,-0.02333283565949854,-0.002587762941166725,10230.493322829414,-0.00415423783763834,0.00676158463398561,51.865390961508545,59.68650151841312,-0.07011185900088776
756,36,1,-0.007508228554916991,-0.10098602130395697,5387.675880278339,-0.0024353003297530387,0.011088210793951728,85.59077765012768,42.646739947589104,0.3348788911909528
756,37,4,0.06707714323737012,0.0004991030651802925,7249.511349993014,-0.012761120061325786,0.0029522106126834216,52.9865031825378,31.58407471982938,0.25307180101291804
756,38,6,-0.00423305545154891,0.055102663968706514,8351.390472446767,-0.017472090245562184,0.005992827452605912,52.88402538746632,45.740196128503115,0.07243483547025037
756,39,7,-0.011586087639382818,-0.0067775953723782315,11843.517264036898,-0.005823220893764106,0.019202379870400698,28.044335555032177,42.97144517072522,-0.21019426193633028
756,40,4,0.09705934661129487,0.12759191806431436,9051.951106239987,-0.015348075525037863,0.003164696798575039,59.048217170033496,45.746713992433875,0.12692887938301986
756,41,6,-0.21287616677826865,-0.18633122005754527,10185.203643612944,0.010339262348124906,0.014827724661004115,47.526214342778516,73.62984930938086,-0.21545463082500568
756,42,2,0.013906890823777957,0.01936121474503758,7757.8509520005955,-0.0051122058640763355,0.011085974066875387,41.38924893287535,34.55707349781674,0.08996058289989788
756,43,3,0.04031228254663417,-0.029382605848537108,12076.184014326804,-0.020157919919466336,0.016001713911088605,36.289990358413775,56.06389248380982,-0.21411013285671449
756,44,3,-0.011927390325706506,0.00956130085284581,5219.365484524538,-0.00022383933733038062,0.0020187779236486405,45.66946955307819,40.231830833499714,0.06330100586422327
756,45,2,0.020592905553945058,-0.0657948849394598,7778.086826512832,-0.00415162944889135,0.034787041143139213,50.89427328432177,45.854609542615876,0.05209014920274219
756,46,5,-0.006488422371873001,-0.03802930753654356,7490.546756667254,-0.007823686367081799,0.022309193096281064,45.908857095316954,29.741824927758156,0.21370636371016183
756,47,7,0.018158309686738303,0.03950239387408906,8965.31027324624,0.00445866494379513,0.016682967095634216,64.35482826797262,43.04070011953786,0.19846383241702095
756,48,2,0.04194440322131946,0.025820112271657928,7199.915244354997,0.016164828542813155,0.0008218778986323933,70.58325538674852,55.13411650185719,0.12288786070438573
756,49,1,-0.060041338274374405,-0.11116267981466861,10139.046669502579,0.01845876540838086,0.0349440559517025,54.560401298695496,66.78290279702233,-0.10072662508501314
756,50,6,-0.2334556430202833,-0.22930385193328856,3042.525825956897,-0.015681760351549782,0.0059196032435887445,60.08697130676453,88.91565098250942,-0.1934776665848428
756,51,6,-0.058350190617563,0.004801575397086109,9257.741639951166,-0.002950420868688347,0.007936512778416503,36.59396128765848,48.73797299822368,-0.14231497049788622
756,52,7,-0.024457114528303125,-0.049969806974694934,2709.5322064223933,0.013443327264435381,0.007299842009896341,37.22744500788453,45.80044245331427,-0.10325443302809403
756,53,2,0.0031827339139220276,0.0057175496884280495,8483.766440523876,0.0008713005484392959,0.008183270343057263,28.315779756655758,40.77002895181751,-0.1802721778583448
756,54,5,0.0010148851780837338,0.037525111364424255,9984.731297605258,-0.01670643146759336,0.029222918128306387,39.26499965189141,37.42825250326455,0.0239492666823808
756,55,5,0.043757540000538525,0.037465596756159986,9533.482724690431,0.0065878083808482545,0.019495003064575498,42.399238581419766,29.857006911279388,0.1735798972731579
756,56,6,0.012203311875659819,-0.03834525894347059,8020.222864104964,-0.0005238588474824318,0.0017543435756795485,52.39107288660021,58.87899928614789,-0.05830791939648232
756,57,6,0.03457895897159759,0.027449141543978553,13513.66275811772,0.007324225613863051,0.012232969144857156,42.9866067525836,40.64681839349827,0.027976713317318505
756,58,7,0.019458897545970702,-0.013236143315489723,7309.843626033461,0.005618104239234784,0.005707532369852116,54.257718156439005,38.96980590051148,0.16398496485248834
756,59,3,0.04788698105801317,0.002859252409926058,8295.625250959658,-0.023135101582183376,0.0140892829265397,55.37851126371279,32.551220227883164,0.25960833324905325
756,60,0,0.036660843165983344,0.047138728070257825,11488.43719715316,0.0024126089708640863,0.006239799022029667,45.68660952141276,43.39687018564159,0.025703299234326498
756,61,1,-0.026449784648723135,0.003241570892352077,6993.243089977359,-0.012231080845863669,0.002518219521085594,39.1647145612068,19.488416932438483,0.3354688339285799
756,62,7,0.0043918944398601105,-0.014088865265907918,9825.972637096746,-0.004949114685925091,0.012757672337539177,49.7602085195352,41.72669225523309,0.08781056300062039
756,63,6,-0.023873014799330745,-0.03890858459887232,10047.02226091521,-0.024165692824292963,0.002185528270389344,35.64422664887443,72.71894658011783,-0.34213394482787285
756,64,0,-0.03141290383947319,-0.08839683138012874,13550.081682015993,-0.0019402307871520114,0.018918352885980066,31.900060962908718,96.70609113259543,-0.5039108091894177
756,65,2,0.04201375282510565,0.01740990778136909,7583.3614976825975,0.0016474513315737722,0.0033625304912302013,51.682600190946,32.08469373491564,0.2339565424321998
756,66,1,-0.03208402623303034,0.01589939153229604,5905.718102322315,-0.004432776619873032,0.00489481111012833,37.34319669040565,25.480426644920747,0.18882658171397626
756,67,2,-0.061055281737416714,-0.11102832163356498,10441.860001316492,-0.023171286581713562,0.010720884387377156,72.8228817214545,82.17441629591819,-0.060333532868135614
756,68,5,-0.03379887945168778,-0.08191726036222438,9947.163982372425,-0.009302424447962199,0.012438106432062631,45.91745039464741,53.027609184431945,-0.07185966454474726
756,69,4,0.025536758489201592,-0.017211414739949624,5663.519715923282,0.0013489498531680244,0.018829310674046956,52.17255770467154,51.65268037067754,0.005007234691932086
756,70,3,0.007888982437378697,0.03497619264734234,6881.522391127032,-0.002761344475262567,0.00804367087404249,41.59310581132908,33.08601833779174,0.11391520147499715
756,71,3,0.025496283678600164,-0.02983495493416495,12778.148300063653,-0.012794279601649155,0.020780352905654276,39.705659297688435,21.602675290989115,0.2952776996448915
756,72,5,0.03845271341687653,-0.013045831785210994,11370.841559852168,-0.007184962720432507,0.03591386632106881,32.63614979986007,66.21513840317085,-0.339691967736456
756,73,5,-0.0023011312452908134,-0.025996124586503244,5860.18004657459,-0.003610997384549468,0.003395274932272688,37.09449432007259,60.12556891577344,-0.23689631367131392
756,74,0,0.0707621119769215,0.0782251654840486,8872.931011111834,0.0044332952226233645,0.004291328452968906,81.20030819633412,36.1247469387679,0.38419382121982953
756,75,1,-0.007313460783861922,-8.535762009806089e-05,11940.742903902707,-0.01006505988706374,0.012773016149639011,52.84927333200545,17.270965665205466,0.5073899943168726
756,76,2,0.11555328653555896,0.16382990032260494,4498.914651027008,-0.00030041465678642065,0.006311636942303845,104.4494743439194,39.59184970895217,0.4502709556509661
756,77,3,0.15197002111271543,0.06508482592201689,8159.11756174133,-0.0009714549523872065,0.014831812944350794,58.85995609904482,58.34783053106833,0.004369381785088199
756,78,7,0.062236144827957085,0.03722107103351109,9977.195042374096,-0.0265909221016803,0.004667958516797331,61.94594100975584,50.55650197508556,0.10123725967536243
756,79,7,0.020142031339049415,0.04733109569968499,7653.612557398488,0.009524808731239197,0.03230239850193054,53.660779026690626,33.43080993614669,0.23228384429802915
1008,0,2,-0.0161057687155014,-0.033258014627504565,7694.682762935463,0.015215370635114953,0.002478404724408649,79.27515091896944,83.23484558140215,-0.024365852856315155
1008,1,6,0.0008288616365846905,0.03848650002004024,13451.24871851721,0.03422288582574177,0.009305150251855744,97.83779405420194,32.12955914417439,0.5055749254909261
1008,2,0,-0.0493903125618206,-0.07740482451521735,9735.735458760171,0.016171779266250817,0.012001551127051075,110.18629768165202,99.38661389522048,0.051531868814155536
1008,3,3,-0.01184631543765612,-0.057092268595539876,8679.67729286954,0.022299878671282563,0.015820845048943172,66.66263144728427,114.95067166180266,-0.2658838278231637
1008,4,5,-0.03223432494990178,-0.09369394911911805,6194.0435364724135,0.018175148556064905,0.000616562094661284,74.58580218466423,101.4030621038155,-0.15238043627033254
1008,5,0,-0.04722562898750285,-0.07618567397308348,14473.345862861275,0.03594097598921931,0.00980854071353161,50.990384438872724,133.76578942473068,-0.44802510928007766
1008,6,5,0.001634135517760909,0.07178152436146253,8609.879662876621,-0.00204262097743034,0.004837424487074117,75.61802917861735,41.74060026239805,0.2886658533530121
1008,7,6,-0.03357131082192093,-0.08281090442896571,11124.69425081456,0.023998176215210967,0.019702294196495527,73.66246666362463,127.9029802189282,-0.26909628804900815
1008,8,4,-0.08195154158278492,-0.059856026182828176,9973.407731443594,0.009110326959556757,0.013445773518072723,80.4296994842044,114.46849929787791,-0.1746491246517778
1008,9,1,-0.3486319868828343,-0.4235307004031775,11593.721722622255,0.01591128749489741,0.00579833019091745,37.111156545447194,236.80383822706818,-0.7290315809353023
1008,10,5,-0.03652451212081219,-0.06122182505817565,14188.817429212892,0.026496504681677906,0.004513037766253932,65.2969150635967,101.36376176112832,-0.2164088577130061
1008,11,2,-0.06513086791086255,-0.14117113443617338,15442.544793622359,0.01224025071464051,0.08450532736773461,116.14314505149184,130.5100935157114,-0.05824755656004442
1008,12,5,0.0391891084030924,0.011378824366229758,10365.372621067172,0.016134834436378358,0.004208870899944603,46.96842131461361,71.86383963708349,-0.20950050199229872
1008,13,5,-0.041753157252283436,-0.06735236688617861,7106.031850868758,-0.006493566894651446,0.005594818006517067,91.30804181492854,90.60970760944545,0.003838735954512027
1008,14,0,-0.09484152935709615,-0.15135553936060975,11601.063312211692,-0.003360355449527508,0.008040015882912607,78.78568388844326,87.48734667475016,-0.052333579034318664
1008,15,0,-0.044373719473552585,0.03134641946879084,7734.131471657103,0.022034634127196518,0.00835233807015182,65.98265319600308,70.14481654298888,-0.03057548454353603
1008,16,0,0.058022008364177,0.07610944472602721,8090.611224031199,0.02777692925485,0.017405637783499153,75.68586076065496,48.76969488299909,0.21627130856662602
1008,17,0,-0.0010719317773602776,-0.025491133171642748,11696.35046949074,0.026995667779879787,0.004700610476206148,102.18472664270307,92.08887514412804,0.051967181365180276
1008,18,2,-0.04832049078370851,-0.03793119455792104,15112.436941143802,0.03477933257121929,0.045229586069459024,74.85652395866961,137.2484253119705,-0.2941558014914417
1008,19,0,0.007006352795573526,0.11940120698615905,13461.077084214785,0.03615310301534043,0.01402689230105287,92.21521284301755,54.62167100233997,0.25602247102991854
1008,20,7,-0.03544702722322527,0.04190334093260727,8023.93557465007,0.021226049960120442,0.010732905050383676,85.64938009611475,61.5803401885149,0.16347949219019953
1008,21,7,-0.13103758505202254,-0.07685324684853166,6812.747645004532,0.00046859559765029604,0.00833050966012811,81.2796410440835,147.94254898728852,-0.29082222769876914
1008,22,1,-0.033438470352818515,-0.0823426531888389,12349.132700321,0.010690801443108772,0.0025260992438944584,112.5833254180515,74.22434340882269,0.20533943948828476
1008,23,2,-0.04698816874755271,-0.08102469759756738,10832.373967398631,0.019127639839074687,0.010906647269485736,76.06926078796613,111.21881083776306,-0.18767639468172354
1008,24,5,-0.06641974546082689,0.026038022202042696,11372.915263900217,0.01502608612448889,0.008147615732198145,91.29881783048786,94.41308938647373,-0.016769369302372127
1008,25,5,-0.01238487463480975,-0.07820999108330429,10385.90714816523,0.017155475886756782,0.010358574878903555,78.1718810645157,98.72837279492897,-0.11620385659044978
1008,26,4,-0.016474834166270037,-0.06890812480210809,7690.2053292269875,0.024279808881075345,0.0039029503583312593,74.48076675810519,84.15268981836505,-0.0609702597984838
1008,27,7,-0.0390524640197222,0.001450525251890919,15343.958893712212,-0.001841437677301102,0.030055509327408397,63.61316795332652,79.81618566386132,-0.11296863090987358
1008,28,5,0.018269717398669238,-0.06954818958270592,12373.87021335525,0.0008139095659202462,0.031161918231291056,58.14495371369299,56.262743561242594,0.01645177900845925
1008,29,5,-0.005254363941141288,0.031521836190613835,9750.393245263795,0.021092614412461633,0.012488743462090293,70.15394499185258,29.187206360420458,0.4123843751895711
1008,30,4,0.0003069613729247654,-0.009450434367832966,12926.439591316901,0.004394198045836519,0.007905755768793588,95.11769004419563,83.41666357339352,0.06553935550017184
1008,31,4,-0.039519109577709474,-0.09065607779405391,10602.810216734253,0.022010485321814866,0.0037864364392476316,106.25942133673374,124.42400738737514,-0.07874248337225391
1008,32,2,-0.1189643102327207,-0.05306717227973118,10189.78237354905,0.024884329613357792,0.014732199063962495,66.62378196260535,104.0807721831941,-0.21942584020562897
1008,33,4,-0.03546252999230712,0.017761793463850706,5503.0480560490005,0.014524322041803855,0.0035078853886711006,75.2003066899915,81.8632979631345,-0.04242224853947384
1008,34,7,-0.006333683063861829,-0.043531481032101055,10014.430739394566,0.002645418446068727,0.008545842435026376,30.798851570557076,111.740350249923,-0.5678543000453955
1008,35,3,0.04438224320894873,0.11434970322182217,13046.238701363636,0.031231541020206074,0.006531180590705722,77.46699398447493,75.33613007866828,0.013945159294728568
1008,36,1,-0.08065385585101603,0.08362400533385159,10046.043981715098,0.029538345600542765,0.015660641493122473,58.812844195759,75.93442971717427,-0.12706442975871474
1008,37,4,0.003377917671475206,0.038458297781537164,9040.198111968917,0.020088560608768364,0.0027885023242521945,44.71691239402931,54.21440730174151,-0.09600089169761886
1008,38,6,0.020147313513799593,0.03825841692102437,11017.61377389403,0.043590191130041284,0.005988457719251742,72.891725194866,46.54528254480435,0.22058860271572453
1008,39,7,-0.04210303878518762,-0.017466948785775777,13190.608136993596,0.026279883406144518,0.01619920263154804,131.02903861440183,75.89994883959305,0.26641550056779184
1008,40,4,0.002667881980474962,-0.03443704424789412,13765.103567398097,0.009887189352920807,0.003645220898477349,60.237158300406335,86.81220605046185,-0.18072194917119952
1008,41,6,0.03861460764807228,0.021311267577113057,16043.000588937013,0.022535539143602453,0.017690693391207827,86.13041793396017,61.65606555143072,0.16560616238482462
1008,42,2,0.17329404682429897,0.2809110275171086,9184.886869681735,0.010145071157569312,0.00994170101795049,154.9015235857337,58.715230027891124,0.45027504598898366
1008,43,3,-0.05168315515922082,-0.09344877254582715,21907.373940450023,0.010112351788196177,0.021987788998756783,75.20874098156555,143.168915336934,-0.3112047976920251
1008,44,3,-0.023836315027320427,-0.021237417604765635,5358.323481819698,0.021513562345241762,0.0015698357890585669,66.04650191171676,81.06269899243107,-0.10207517264944128
1008,45,2,-0.08176868791065853,-0.017106550643801913,9485.978749888816,0.02395629466425965,0.03213522250335987,118.68661694179464,99.86882671360895,0.08610076195479989
1008,46,5,-0.008665104775564064,-0.010447495640935004,9586.580663285333,0.01671232818254331,0.021626614255751804,80.08444095028914,65.21182272156695,0.10236063786339923
1008,47,7,-0.07145958258572724,-0.05034295110608164,11590.58777436506,0.025110649098421634,0.016336833729851865,128.97539405942604,63.98820031831253,0.3367847388536936
1008,48,2,0.03473782310565983,0.0811922712900918,8008.0582519197,0.0016475904096660589,0.0006924072415548701,67.21706264069167,58.35075978285197,0.07060967281779247
1008,49,1,-0.05866280800953037,-0.03842811072923096,11961.534866033804,0.01225148933742378,0.031226086640422063,112.16188544785389,85.34022182117158,0.13580444278506684
1008,50,6,0.0038498295511574365,-0.06959763235406075,3106.6635406801147,-0.02224696885735192,0.004578329091372475,91.42904535182481,75.37689798109986,0.09623246660096853
1008,51,6,-0.06137084836700381,0.03154699429936467,12808.764326534532,-0.0048239278787531314,0.00831737644516352,53.24040835113952,85.27581324169464,-0.23127547461185677
1008,52,7,-0.06970030342832452,-0.08471568156364812,3363.880367884098,0.00855026052874617,0.006864582762098934,101.34954366292106,82.85726027831811,0.10038870980249727
1008,53,2,-0.010249025887838454,-0.05163273074835491,13961.099534298299,0.03998491178510965,0.01020028434099562,84.63503876679059,59.05130496106678,0.1780526467706734
1008,54,5,-0.11208476257066483,-0.11611473065549799,10871.332133318381,0.03989753013220972,0.02410040958833063,101.44173533883747,126.61733330147037,-0.11039069006384995
1008,55,5,-0.0006628115431141796,-0.01149130625090758,13603.145847877731,0.020125123673718923,0.02107004864001604,83.213335365575,112.21550496538855,-0.14840271042160025
1008,56,6,-0.06445297787141283,-0.04087495688095269,12109.50423579428,0.006932354177822649,0.002006360816628842,59.36056340253109,113.1903644505733,-0.31196471509881707
1008,57,6,0.01254376797500049,-0.007152682724092883,17071.854103759073,0.02951479722389653,0.011705607404548218,65.12966517257861,46.311408656911965,0.1688628426561152
1008,58,7,0.001706973740013518,0.0030683838347981877,9346.39837180416,0.008175947847766651,0.005527631010939881,78.69251731042729,39.89508698630287,0.3271626115889671
1008,59,3,-0.03647020940542231,-0.024414656549482546,11163.847101084115,0.02599164051377055,0.014361774555359216,94.19621719914728,102.1197923868412,-0.040361329696765987
1008,60,0,0.02556584616389082,0.01617863443344822,19022.961881734896,0.02304501066621435,0.007826043270161832,50.58395626820367,62.70092500398762,-0.10696015743321799
1008,61,1,-0.07584062032333942,-0.031019407885694676,8620.708824366573,-0.00043646703184940794,0.0023513235722325294,126.53093356116676,98.27326011474283,0.12569904940045779
1008,62,7,0.03634871983210892,-0.014240343094738157,10121.245622562912,0.013295215663872487,0.009953694740080104,57.13821729961185,67.9516083176558,-0.08644500833379368
1008,63,6,0.14124485032044737,0.14439249672023055,13930.116980154162,0.014103436912551628,0.0022952409699089236,230.32739691012594,42.77379160846093,0.6867549948000817
1008,64,0,0.03183525662745813,0.048848274027707875,13901.226997959651,0.018981818790195143,0.014701071978584395,92.45721808568726,30.48427147941295,0.5040848848098118
1008,65,2,-0.040630444784207215,0.007415484400154375,8754.45541226445,0.02417188324528706,0.0029402757831820856,84.89030636154388,91.74271604340757,-0.03879461262976615
1008,66,1,-0.06026147509395656,-0.14434578409994517,9984.513478916044,0.011114888449036325,0.006268225208529597,73.30081481655294,165.53384325899293,-0.3861794146010398
1008,67,2,0.07913473368840465,0.13076759632986112,13582.305818534234,0.00397547338951745,0.010562840238821442,152.7231654989366,76.62007204046198,0.33183055351727625
1008,68,5,0.03609815114440373,0.044921100563155236,13850.008500660073,0.007193979483422947,0.013117754267161372,60.51170319782629,42.79536649104953,0.17149200688743357
1008,69,4,-0.06439426762056953,-0.06534061523247603,6540.564849943898,0.014982075731027264,0.01647091478736732,48.810705885936116,110.89466041821605,-0.38874056626034037
1008,70,3,-0.00938032392182197,0.02901320718163581,8963.139813583079,0.004500480670962873,0.00793568454358297,68.08299056058839,39.107373433672535,0.27031923436883665
1008,71,3,-0.016058177879840155,0.04832284911757581,20038.588358573328,0.032765203068671395,0.024683490783125834,56.3963649904049,47.42752198484714,0.08638515920338476
1008,72,5,-0.02815605006002445,-0.02326293278942506,13691.44313522793,0.01701528747948694,0.03275467091925587,50.28477158349006,94.75341755577138,-0.3065995668856374
1008,73,5,0.07572942135045341,0.03229373029632845,8791.946897565396,0.02832617188893119,0.003858366728064162,108.43515909873659,102.85885821345462,0.026391191554735207
1008,74,0,0.04579275629771031,0.061831695929979155,12796.628087018687,0.017855337911089897,0.004687860281248967,101.4284229032614,43.519845603353666,0.3995120320934736
1008,75,1,0.04264318323388752,0.0065487505483740605,21166.715610972326,0.03524941269192121,0.01715023393399578,59.67426332857771,80.73885540840033,-0.15001868962921341
1008,76,2,-0.033354019473506795,-0.03245300074259091,5417.465539905969,0.022136295060097518,0.005756849455521639,84.48985615582063,79.51630894253572,0.03032536740476737
1008,77,3,-0.02247257495115068,-0.04330320464332027,10912.95107539046,0.02384731743346983,0.015026149896421129,101.0965247030158,72.7747418182847,0.16288938046643028
1008,78,7,-0.05220080794738606,-0.12764668965942866,14666.710568930199,0.020640687580539385,0.005197634151045237,74.82338448962498,133.55235136920084,-0.28184167718588304
1008,79,7,-0.027259561156073506,-0.02134662317681478,8204.090671316077,0.007670434403670939,0.026227277324424744,60.81125243628808,64.79744871470658,-0.031735033018094355
1259,0,2,0.026591672130987738,0.027278012926059185,7907.384628069528,0.011259075476005163,0.002250620652219455,86.55432079206807,38.19699228008989,0.38762981583704836
1259,1,6,0.10370603301498671,0.12871664902727215,13442.000523384306,0.011173967239089417,0.00821698741579962,128.34831680151416,51.01970276405384,0.431117064370339
1259,2,0,0.05444193904254066,0.031605934892651,9672.70576007543,0.02134227280346735,0.010536697660308571,81.58594600406563,55.44051538180172,0.19080570539180328
1259,3,3,-0.01850593852798088,0.016764008151671457,8390.43870232373,0.013634661756598434,0.013514459905634109,66.62474113067387,35.550005188862336,0.30413323312128243
1259,4,5,-0.024778809818578988,0.07361181565228746,6886.197881398658,0.02810202348848463,0.000605717321204689,82.49357521170161,37.10168425640075,0.37954590471897365
1259,5,0,-0.043709591400473514,-0.08124092108900499,16253.380466279617,0.009964342371413117,0.009733456384059851,85.81429357786276,142.53929270409088,-0.24840861949914814
1259,6,5,0.014374470822239088,0.011937023057691992,12511.434171873805,-0.00021896514668979725,0.006211723832593727,75.19269998545008,78.70532002918831,-0.022824335513746713
1259,7,6,-0.018608263543995415,-0.0399071423440244,11317.132963968517,0.007973616735435852,0.017711406921488086,93.0216676460357,123.01425652960032,-0.13883148831785025
1259,8,4,0.030555713854174178,0.11069189483214825,11042.03446324046,-0.0013406255362971003,0.013154648335956868,100.64999184007158,51.698586311179085,0.32131186337671336
1259,9,1,-0.047014784385774035,-0.0657086635280951,10599.146808233656,0.005631307273296727,0.004684237486694495,82.92414460862054,96.79207218736528,-0.07716569948949278
1259,10,5,-0.00799073783506675,0.036717681676911196,23618.405201533624,0.010187007055563886,0.0066383670703827995,83.05432649551346,76.39258176786394,0.04178033177415861
1259,11,2,-0.018617012289529264,0.022956669673992226,19260.30659310853,0.00513298724296969,0.09313573401323462,98.14486088044328,96.77548588342935,0.007025305565794845
1259,12,5,-0.017998630639120872,-0.012073851753341495,14071.477733541642,0.005426453191509083,0.005049034290917047,57.225590160056,86.45931909011804,-0.20345719729661296
1259,13,5,-0.03522940629564505,0.07764658852472078,6767.222819858685,0.015706651716203408,0.004708225090604614,90.79449965626841,42.57791161840776,0.36151845480395967
1259,14,0,0.0822216370128896,-0.0036458973094522368,12716.400699681028,0.0057994127515440495,0.0077877363593616125,63.74719217842403,38.913867920016315,0.2418962383045087
1259,15,0,-0.020908140323089457,-0.04530468490194334,7274.128096543889,0.013424991684773757,0.006941692725138651,82.45101410888071,44.21671530776599,0.3018471948372047
1259,16,0,0.02860147386469425,-0.006290765077789903,7469.220409654178,0.006873124233225105,0.014199459418364422,46.15933450422306,71.59817476826031,-0.21602732956042206
1259,17,0,-0.08927780054178651,-0.0970676251478373,13160.367171806298,0.013630176238768377,0.004673689152916558,95.22246300426731,163.00109357872117,-0.2624804315728977
1259,18,2,-0.020780237684179834,-0.03990496912638222,20995.44551978868,0.006313371863085647,0.05552660656817705,92.1983671530508,63.04193909149264,0.18781480639081882
1259,19,0,-0.06831821681921704,-0.061864564207804174,16577.48448540152,-0.000151254056099899,0.01526469770472853,73.69450689143073,90.84858463518641,-0.10425279836726851
1259,20,7,-0.04934972947180766,-0.15717069920573745,8423.733389588231,0.03265266183877216,0.009956859848898658,52.14801198062123,228.5412547119622,-0.6284288844001364
1259,21,7,0.013745575721403287,0.0038048177610820466,6173.276592806099,0.0030648108275556536,0.006670416203008683,54.80924793149187,58.73776220541772,-0.03459813049374382
1259,22,1,0.036428852738048294,0.01682146926337458,12841.417679130303,0.019942932861719602,0.002321212230489826,70.05151264610764,89.0565790910258,-0.11944751669951185
1259,23,2,0.023175700797923367,0.015632065532682385,13154.792024500544,0.007639371618819085,0.01170414076000096,51.214896040460815,51.30392961392295,-0.0008684607231204976
1259,24,5,-0.06216095050980793,-0.022227505935564454,10730.291469121741,7.959929249765768e-06,0.006792946285075715,75.60795657176581,96.26786589917074,-0.12020253360985796
1259,25,5,0.021756487904643462,0.011494141873795615,10004.414280447967,-0.008734209452049939,0.008817290882146566,60.642394356307115,39.41881275719221,0.21210599203374506
1259,26,4,0.027358619424246063,0.15595119395283805,7735.584095178479,0.03921402179145361,0.0034692542613689523,133.79840638153237,69.2144511542849,0.31812741326265453
1259,27,7,-0.02586762563434155,-0.0421190161421761,19414.765039620903,0.03404340251673112,0.03360521911327085,109.1261413019523,66.10268429766522,0.24552728043927188
1259,28,5,0.0024611655192919536,0.022426801727707762,9590.06613821446,0.015069998103292051,0.02134165800815351,85.78286636815824,45.775203326900034,0.30410649178487387
1259,29,5,0.08002672814331874,0.07535531085945969,11006.427710254156,0.019452208308736577,0.012457500842465354,119.2112616436282,60.52557928282219,0.32650892303428275
1259,30,4,-0.020359816448157132,0.051632181808372105,16117.48248332029,0.008952658591663698,0.008710630795173615,90.14368091800424,61.28501238329576,0.19057595958447165
1259,31,4,0.08212919580317014,0.06629112448859152,10489.250445350714,0.015527113300353943,0.003310107244479398,104.49914604363865,72.73790647373978,0.17920202981600256
1259,32,2,0.016480462450885126,0.05385073842939701,11553.852407925237,0.033041231504603,0.014761055459557306,56.533513022616006,48.43303002420654,0.07717204704663755
1259,33,4,0.014839564322858507,0.03518771561298788,4237.452737683049,0.01781737255633365,0.0023869036258814067,66.46350597855657,32.1087300500012,0.3485238573491808
1259,34,7,0.02057941607018475,0.030502981008906565,11236.439796029345,-0.00015550053456721627,0.008473157318541518,48.101878511921235,64.16236657062092,-0.1430596896344706
1259,35,3,0.010635987000755114,-0.04573089221031901,19240.231673123133,0.002890877447021316,0.008511470454118224,96.04296317086266,165.61456804904986,-0.26588802758155355
1259,36,1,0.07405772088540981,0.07754730264521799,8563.012101482529,0.0271500389816198,0.011795842280760594,95.5851228545146,120.91578572801247,-0.11700026128862727
1259,37,4,-0.013452384675495348,0.012625127686372802,8701.948251789643,0.01061348199670125,0.002371906066973655,109.08756611479467,31.148345765906907,0.5557721934637879
1259,38,6,0.02134190368154158,-0.0009703833753666284,17008.743995217657,0.01135235526311431,0.008169352105325498,47.67427082648449,58.4895287895334,-0.1018733127682371
1259,39,7,0.019353167911368634,0.03056615512126674,16168.144321881437,-0.015561611014009177,0.017545951446185953,70.54272524158988,50.5423727829007,0.1651760025373126
1259,40,4,0.059001854535447665,0.01421787801518034,12594.073520652373,0.0007291192686563457,0.0029471247465996924,41.990607700077256,65.5244138718219,-0.21888854066580696
1259,41,6,-0.2378544302173713,-0.32080051042771884,19795.492319540543,-0.026043132468143597,0.019289167754706238,108.52747076934297,260.6133727943401,-0.4119996599572913
1259,42,2,0.08430528063642459,0.0565303822125785,10833.892406760664,0.011493278165418338,0.01036237564410183,98.66741459629667,47.034411586572844,0.35437443964885634
1259,43,3,-0.010519453366716409,-0.005568570873904517,22099.736131076676,0.009840954060729996,0.01960045957223171,52.1041971172003,45.37174217149469,0.06906786428286675
1259,44,3,0.009116043939367068,-0.0036436711512292247,8911.727558055616,-0.0006330895966041722,0.0023071462503445332,44.84983142384122,105.9810945303907,-0.4052966108866416
1259,45,2,0.02572440625759396,0.10914178045059439,12572.271793144777,0.022515342697989618,0.037635773990941625,81.04123902023649,43.793675251203084,0.29837456921502237
1259,46,5,-0.02713263555194717,-0.08531657829586653,11686.509901915411,-3.242252531953857e-05,0.023296869196569953,115.93606767290692,124.272871114423,-0.03470646631040822
1259,47,7,-0.04795244762113605,0.002009167756038134,12335.98148364446,0.006587634103262416,0.0153646992725178,56.418977868713135,58.515516646922165,-0.018241162385810843
1259,48,2,-0.021126707123646525,-0.07267447501705593,6769.532770260007,0.00786414289487231,0.000517226775844589,49.33564550819607,81.19336834658235,-0.24406621866909906
1259,49,1,-0.03378969818530198,-0.0605904004122261,13690.199052315405,0.021269704072325205,0.031581179009683054,83.05822931359619,176.99806263393572,-0.36122884248050147
1259,50,6,-0.019588357702159886,-0.028087087379386717,3871.3770671302987,0.0013626970994799932,0.0050415744614101,62.244146195308936,78.74135121304884,-0.11701348947856337
1259,51,6,0.0062017485643379895,0.012963098103932421,16977.24126817876,0.015494168575455759,0.0097416869754039,64.28498082880921,40.13252346341293,0.2313065948940138
1259,52,7,-0.02523797121808024,-0.0787123498705802,3381.659417273974,0.019891442184551127,0.006098055821086912,100.64141843395376,80.80105193477188,0.10934797381645617
1259,53,2,0.012569653539586369,-0.04518250259234821,12832.827807375146,0.015934548153196504,0.008285199084491573,79.13683513420955,110.04116677206429,-0.1633611272255777
1259,54,5,0.05777445565880672,0.06784774496602028,14117.73760502816,0.025261412124109196,0.027656339117581693,90.17360730661608,71.81958380926406,0.11330120340742815
1259,55,5,0.0745077153831067,0.11736125086600771,16262.152181688509,0.0062488968316519585,0.022258307165350582,82.2337183406751,83.21373869851456,-0.005923453737952605
1259,56,6,0.04696385812955249,0.06649547561110739,10467.515680596869,0.007794754961951377,0.0015325484779074368,101.50687551344815,57.54876547477771,0.2763693872488816
1259,57,6,-0.01422822697829693,0.022867607711932136,21954.781727208494,0.010632865198850254,0.013302409533341726,69.16143750513716,53.70823199405685,0.12576908177535145
1259,58,7,0.0032238781933328423,0.08936301932322195,8837.992896978983,0.015271809162683104,0.004618876301754066,63.6931776504949,63.77438433688558,-0.000637077269886764
1259,59,3,-0.017660725686620988,0.03242793958990538,11503.382796005388,0.01465829454782158,0.013076987964011619,81.12861244803378,74.12823468366271,0.04508901149066819
1259,60,0,-0.012314959101158516,0.009150752298992247,20424.282117157793,0.007200338151280994,0.007425040631486202,81.59430774102111,75.84239235049489,0.03653478119870507
1259,61,1,0.007650316737322315,-0.03501124118458721,11259.924250124252,0.005404952348306247,0.0027138936000263153,64.80643798903307,54.139733015057146,0.08967674103203752
1259,62,7,-0.045649528572284326,-0.06893199483324856,12266.678538237938,0.014703109384306967,0.010660197827928647,90.44520272946602,118.34751666797064,-0.13363643147565393
1259,63,6,0.019993073820576905,-0.0537700699315421,19456.251157401453,0.009963409806984494,0.002832830662504961,65.7312805242135,115.92662824235055,-0.2763179872469152
1259,64,0,0.029591896237076365,-0.029789454820070976,14843.060688613397,-0.004920567157602161,0.013870983615133163,90.12587118064408,67.95301364345441,0.14026451136546253
1259,65,2,-0.02522455266267555,-0.03262675939252225,9664.793321869423,0.01303858927292843,0.002868398124283299,70.42914955297344,93.21254798838811,-0.1392273410602868
1259,66,1,-0.042071697778216816,-0.030339067097466758,11084.30676611029,0.0024205021758091083,0.006149136695174976,99.94499403256445,40.79793570558725,0.4202488781255187
1259,67,2,0.036845698293267164,0.11941412106986544,15260.36386829318,0.018989299528456415,0.01048721139252747,109.38033127442532,97.81203863325618,0.05583358424959267
1259,68,5,-0.03514308601868961,-0.09717159285484886,15907.550026148323,0.025653007135778047,0.013313758518299154,57.0955878195092,126.63248079114722,-0.3784772435539898
1259,69,4,-0.05136507167945361,-0.13682262080986352,6261.7943211713855,0.013353358152891945,0.013934429398369233,86.11604594152811,140.421656141748,-0.23971996581839267
1259,70,3,0.04691301419446233,-0.0025143921433668087,11253.25779196504,0.012517934486480906,0.008804210535529303,55.4989718655908,123.77130587187243,-0.3808346529472325
1259,71,3,-0.05371524980658218,0.00961044086253239,16922.496471000515,0.014885049215145049,0.018420092784552925,84.55465863355151,108.20058478612997,-0.12267332256675405
1259,72,5,0.006081179561242085,0.10352352862203482,14429.702366812784,0.011750064871778593,0.03050487948074967,62.168012315753,48.27209496884203,0.12582310619254033
1259,73,5,-0.013373514803070455,-0.09958792931551998,11292.455020154946,0.0008653773313477397,0.004379199632958084,67.09753186220848,110.49412938315481,-0.244361684644329
1259,74,0,-0.022118508397178226,-0.021815001579436714,14540.792184315636,0.006912496350247648,0.004707118217675402,62.3629609738029,62.3261739293661,0.000295030071907007
1259,75,1,-0.04542445396604145,-0.01389838912170574,19221.00983036799,0.0339505977571637,0.013761972988788897,84.06273882112245,55.15475051820139,0.20764624071228652
1259,76,2,0.028421220285060618,0.026959127720034802,6978.251523240659,0.012349882255239482,0.0065527448973082105,70.46788581685146,64.7470385239589,0.04230928886541255
1259,77,3,-0.0069097222546412145,-0.00013149533221843476,13809.137824203417,0.021649236007319363,0.016801962058432506,60.51297676845377,41.71658668928524,0.18386452453897995
1259,78,7,-0.027918442011147713,-0.047446405354392755,15202.54540206223,0.022277271563732985,0.004760770228504874,103.342220156567,92.41046039491565,0.05584475129943608
1259,79,7,-0.001414054929952122,-0.010447120230053137,10201.629578708164,0.01104396255307714,0.02881908805222446,81.96384630040295,60.31168396487128,0.15218472421089418
